0 0.38515625 0.35703125 0.365625 0.29375
0 0.3125 0.55546875 0.3640625 0.284375
0 0.29453125 0.76640625 0.365625 0.2828125
0 0.4234375 0.14296875 0.36875 0.2859375
0 0.6921875 0.1109375 0.35625 0.221875
0 0.884375 0.23359375 0.23125 0.2953125
0 0.671875 0.296875 0.3828125 0.2984375
0 0.63046875 0.50625 0.3640625 0.284375
0 0.559375 0.71015625 0.384375 0.3015625
0 0.54140625 0.8875 0.3796875 0.225
0 0.77734375 0.865625 0.3171875 0.26875
0 0.840625 0.66328125 0.3046875 0.271875
0 0.859375 0.446875 0.28125 0.284375
0 0.13828125 0.3875 0.2765625 0.253125
0 0.10078125 0.58515625 0.2015625 0.2546875
0 0.190625 0.18984375 0.2875 0.265625
0 0.23515625 0.05703125 0.2671875 0.1140625