0 0.6515625 0.42109375 0.3171875 0.2234375
0 0.6765625 0.62421875 0.315625 0.2125
0 0.6484375 0.82734375 0.31875 0.209375
0 0.66328125 0.20546875 0.3203125 0.2234375
0 0.4140625 0.09765625 0.325 0.1953125
0 0.15 0.18515625 0.3 0.2296875
0 0.39453125 0.30234375 0.334375 0.2234375
0 0.38828125 0.50859375 0.315625 0.2125
0 0.4109375 0.715625 0.3359375 0.2265625
0 0.38046875 0.90546875 0.3328125 0.1890625
0 0.15390625 0.82734375 0.2921875 0.2328125
0 0.14296875 0.6109375 0.284375 0.215625
0 0.1515625 0.39765625 0.303125 0.2234375
0 0.88046875 0.503125 0.2390625 0.2
0 0.8953125 0.703125 0.209375 0.20625
0 0.87421875 0.30546875 0.2453125 0.209375
0 0.871875 0.1015625 0.234375 0.203125