0 0.67890625 0.64140625 0.3515625 0.2703125
0 0.73359375 0.4375 0.35 0.259375
0 0.734375 0.2265625 0.353125 0.2578125
0 0.66015625 0.86328125 0.3546875 0.2734375
0 0.3953125 0.90703125 0.35 0.1859375
0 0.1515625 0.80546875 0.303125 0.2828125
0 0.4 0.72578125 0.36875 0.2734375
0 0.4234375 0.5140625 0.35 0.259375
0 0.47578125 0.30625 0.3703125 0.2765625
0 0.47421875 0.11328125 0.3671875 0.2265625
0 0.21640625 0.15234375 0.353125 0.28125
0 0.1734375 0.371875 0.3453125 0.2640625
0 0.16640625 0.58984375 0.3328125 0.2734375
0 0.89453125 0.58359375 0.2109375 0.2265625
0 0.92421875 0.38203125 0.1515625 0.2296875
0 0.8609375 0.7859375 0.221875 0.2375
0 0.8328125 0.9390625 0.203125 0.121875