0 0.4078125 0.3421875 0.2015625 0.2953125
0 0.60234375 0.325 0.1921875 0.2953125
0 0.79453125 0.35859375 0.1890625 0.2984375
0 0.203125 0.3234375 0.203125 0.2984375
0 0.090625 0.55703125 0.18125 0.3046875
0 0.1671875 0.8296875 0.209375 0.3140625
0 0.2859375 0.5828125 0.2015625 0.3109375
0 0.4828125 0.5953125 0.1921875 0.2953125
0 0.68046875 0.58125 0.2046875 0.3125
0 0.88359375 0.6171875 0.2140625 0.3109375
0 0.77890625 0.8421875 0.2125 0.2953125
0 0.571875 0.85 0.196875 0.2953125
0 0.36953125 0.8328125 0.2015625 0.3109375
0 0.49453125 0.11875 0.1828125 0.2375
0 0.6875 0.1078125 0.1890625 0.215625
0 0.30546875 0.1203125 0.1921875 0.240625
0 0.1078125 0.11484375 0.1953125 0.2296875