0 0.33515625 0.67265625 0.35625 0.26875
0 0.2859375 0.4609375 0.3546875 0.25625
0 0.29296875 0.24453125 0.3578125 0.253125
0 0.3453125 0.88203125 0.359375 0.2359375
0 0.6125 0.93203125 0.35 0.1359375
0 0.85859375 0.8484375 0.2828125 0.24375
0 0.61796875 0.76875 0.3734375 0.2703125
0 0.6015625 0.55078125 0.3546875 0.25625
0 0.55546875 0.33515625 0.375 0.2734375
0 0.5640625 0.1234375 0.375 0.246875
0 0.81171875 0.18984375 0.3265625 0.275
0 0.84375 0.415625 0.3125 0.25625
0 0.846875 0.63984375 0.30625 0.2671875
0 0.11015625 0.60625 0.2203125 0.228125
0 0.08359375 0.396875 0.1671875 0.23125
0 0.13984375 0.8140625 0.228125 0.2375
0 0.1578125 0.95625 0.203125 0.0875