0 0.14609375 0.12109375 0.0515625 0.0171875
0 0.1140625 0.61484375 0.1171875 0.0796875
0 0.61171875 0.59765625 0.0390625 0.0765625
0 0.890625 0.41015625 0.034375 0.0765625
0 0.70625 0.3921875 0.0390625 0.0765625
0 0.51328125 0.90078125 0.0390625 0.0765625
0 0.82578125 0.88984375 0.0390625 0.0765625
0 0.509375 0.36796875 0.0453125 0.078125
0 0.59921875 0.42421875 0.046875 0.084375
0 0.8953125 0.71484375 0.04375 0.0859375
0 0.5171875 0.65234375 0.04375 0.08125
0 0.59765625 0.821875 0.04375 0.08125
0 0.928125 0.915625 0.0421875 0.084375