0 0.94609375 0.49140625 0.0734375 0.0765625
0 0.95546875 0.5671875 0.0734375 0.0828125
0 0.975 0.665625 0.05 0.1
0 0.9828125 0.75703125 0.034375 0.1046875
0 0.91640625 0.6625 0.075 0.09375
0 0.93046875 0.7546875 0.0796875 0.109375
0 0.84140625 0.659375 0.08125 0.0875
0 0.85078125 0.7421875 0.08125 0.0890625
0 0.8765625 0.5 0.06875 0.0859375
0 0.88125 0.58203125 0.075 0.0796875
0 0.81171875 0.5125 0.078125 0.0859375
0 0.98671875 0.93671875 0.0265625 0.0609375
0 0.93359375 0.93671875 0.0921875 0.075
0 0.8484375 0.93828125 0.090625 0.0828125
0 0.59609375 0.4921875 0.0625 0.06875
0 0.5953125 0.56015625 0.075 0.0859375
0 0.5390625 0.48828125 0.0671875 0.0734375
0 0.53125 0.5609375 0.0671875 0.0796875
0 0.4796875 0.48671875 0.0578125 0.0765625
0 0.47578125 0.5578125 0.0625 0.075
0 0.578125 0.76015625 0.071875 0.0890625
0 0.59140625 0.84609375 0.08125 0.09375
0 0.5140625 0.7671875 0.0734375 0.0796875
0 0.4515625 0.77421875 0.0625 0.0796875
0 0.521875 0.84765625 0.0671875 0.0890625
0 0.4609375 0.8609375 0.0640625 0.0875
0 0.57734375 0.96328125 0.075 0.0703125
0 0.5109375 0.965625 0.078125 0.06875
0 0.4375 0.96875 0.065625 0.0625
0 0.3421875 0.54609375 0.0609375 0.0625
0 0.3328125 0.6015625 0.065625 0.075
0 0.296875 0.54296875 0.0578125 0.0625
0 0.28046875 0.60390625 0.0578125 0.0734375
0 0.2453125 0.5453125 0.0578125 0.0625
0 0.23671875 0.596875 0.0578125 0.0765625
0 0.3125 0.71328125 0.0640625 0.0765625
0 0.30546875 0.784375 0.0625 0.0765625
0 0.25625 0.7140625 0.0703125 0.0765625
0 0.24921875 0.7796875 0.06875 0.078125
0 0.20625 0.7171875 0.0625 0.0796875
0 0.19296875 0.778125 0.0734375 0.0859375
0 0.27109375 0.95078125 0.0703125 0.08125
0 0.259375 0.99375 0.071875 0.0125
0 0.209375 0.946875 0.0609375 0.0796875
0 0.196875 0.99296875 0.059375 0.0140625
0 0.15546875 0.9484375 0.06875 0.0828125
0 0.1390625 0.99296875 0.06875 0.0140625
0 0.1015625 0.59375 0.053125 0.053125
0 0.08984375 0.6484375 0.0578125 0.065625
0 0.059375 0.5875 0.053125 0.05625
0 0.03984375 0.64140625 0.0578125 0.06875
0 0.02421875 0.58203125 0.0421875 0.05625
0 0.015625 0.628125 0.0203125 0.0671875
0 0.07109375 0.79765625 0.059375 0.05625
0 0.05859375 0.85625 0.059375 0.0640625
0 0.0390625 0.8 0.0421875 0.05625
0 0.03359375 0.8625 0.0234375 0.0625
0 0.04765625 0.97109375 0.0359375 0.0578125