0 0.0328125 0.44140625 0.065625 0.0796875
0 0.04375 0.36953125 0.0671875 0.084375
0 0.05234375 0.27265625 0.0484375 0.1
0 0.065625 0.18359375 0.0390625 0.0984375
0 0.09921875 0.2890625 0.0828125 0.0984375
0 0.11015625 0.20078125 0.090625 0.1140625
0 0.16796875 0.3125 0.0890625 0.09375
0 0.18125 0.2328125 0.0890625 0.0953125
0 0.0921875 0.4515625 0.0765625 0.0890625
0 0.1109375 0.37421875 0.08125 0.084375
0 0.15625 0.45703125 0.0828125 0.090625
0 0.109375 0.021875 0.046875 0.04375
0 0.15859375 0.03515625 0.1015625 0.0703125
0 0.23671875 0.0484375 0.1015625 0.096875
0 0.3515625 0.5328125 0.06875 0.0734375
0 0.36953125 0.4703125 0.08125 0.0921875
0 0.40234375 0.55234375 0.0734375 0.0765625
0 0.43046875 0.48671875 0.075 0.0828125
0 0.45703125 0.56953125 0.0671875 0.08125
0 0.4796875 0.5046875 0.06875 0.0796875
0 0.43828125 0.2890625 0.0796875 0.0921875
0 0.44921875 0.20546875 0.0890625 0.1
0 0.5 0.29921875 0.0796875 0.084375
0 0.56015625 0.31015625 0.0703125 0.084375
0 0.51484375 0.22265625 0.075 0.0921875
0 0.575 0.22734375 0.071875 0.090625
0 0.4953125 0.084375 0.0859375 0.10625
0 0.5109375 0.0234375 0.075 0.046875
0 0.55859375 0.10546875 0.0859375 0.090625
0 0.5765625 0.03515625 0.075 0.0703125
0 0.625 0.12109375 0.0734375 0.0859375
0 0.6421875 0.0515625 0.08125 0.0765625
0 0.6015625 0.5515625 0.0640625 0.0671875
0 0.625 0.5015625 0.071875 0.078125
0 0.64296875 0.565625 0.0609375 0.0671875
0 0.67421875 0.5140625 0.065625 0.0765625
0 0.690625 0.57734375 0.0609375 0.0671875
0 0.7125 0.5328125 0.0640625 0.08125
0 0.6734375 0.40234375 0.0703125 0.0796875
0 0.6984375 0.3390625 0.0703125 0.08125
0 0.72578125 0.41796875 0.075 0.0796875
0 0.75 0.35859375 0.075 0.0828125
0 0.77265625 0.428125 0.0703125 0.084375
0 0.80234375 0.375 0.078125 0.0890625
0 0.77578125 0.19453125 0.0765625 0.0859375
0 0.8046875 0.1171875 0.0828125 0.0984375
0 0.83046875 0.2140625 0.06875 0.084375
0 0.86328125 0.1359375 0.0734375 0.0953125
0 0.88125 0.22734375 0.075 0.0859375
0 0.91640625 0.153125 0.078125 0.0921875
0 0.8375 0.57109375 0.05625 0.059375
0 0.86328125 0.52265625 0.0609375 0.0703125
0 0.87421875 0.58828125 0.059375 0.0625
0 0.90703125 0.54375 0.0625 0.0734375
0 0.91328125 0.6046875 0.059375 0.0625
0 0.9421875 0.565625 0.059375 0.0703125
0 0.91953125 0.3890625 0.0625 0.0625
0 0.94765625 0.33828125 0.0640625 0.06875
0 0.95625 0.3953125 0.05625 0.059375
0 0.978125 0.33984375 0.04375 0.0671875
0 0.978125 0.39765625 0.04375 0.0546875
0 0.9921875 0.3453125 0.015625 0.05625
0 0.984375 0.234375 0.03125 0.065625