0 0.90546875 0.65390625 0.084375 0.0859375
0 0.88046875 0.71875 0.0875 0.0921875
0 0.8671875 0.81328125 0.1 0.109375
0 0.8359375 0.89140625 0.0921875 0.109375
0 0.80703125 0.7765625 0.090625 0.1
0 0.778125 0.85625 0.1 0.1140625
0 0.74921875 0.74140625 0.09375 0.096875
0 0.7203125 0.81171875 0.0953125 0.0984375
0 0.846875 0.6296875 0.08125 0.0890625
0 0.8140625 0.69765625 0.0859375 0.0890625
0 0.78984375 0.61171875 0.090625 0.0921875
0 0.69375 0.97890625 0.109375 0.0421875
0 0.6265625 0.95859375 0.109375 0.0828125
0 0.62734375 0.50078125 0.0734375 0.0765625
0 0.596875 0.55390625 0.0890625 0.09375
0 0.584375 0.47265625 0.078125 0.0796875
0 0.5453125 0.5265625 0.0796875 0.0859375
0 0.5375 0.4453125 0.0734375 0.08125
0 0.503125 0.5 0.0765625 0.08125
0 0.49609375 0.70625 0.0859375 0.09375
0 0.46875 0.7796875 0.096875 0.103125
0 0.44140625 0.6828125 0.0859375 0.0890625
0 0.3890625 0.6609375 0.0765625 0.084375
0 0.4125 0.75078125 0.0828125 0.09375
0 0.35859375 0.7328125 0.08125 0.0921875
0 0.4 0.88125 0.09375 0.10625
0 0.365625 0.95078125 0.0859375 0.0890625
0 0.34765625 0.8484375 0.090625 0.0921875
0 0.3109375 0.91953125 0.0875 0.096875
0 0.2890625 0.8203125 0.08125 0.0890625
0 0.25390625 0.890625 0.0953125 0.1046875
0 0.40234375 0.43203125 0.0671875 0.06875
0 0.36953125 0.471875 0.078125 0.0796875
0 0.36796875 0.409375 0.065625 0.0671875
0 0.32734375 0.45078125 0.071875 0.078125
0 0.3265625 0.38828125 0.065625 0.0671875
0 0.296875 0.425 0.0703125 0.0796875
0 0.3046875 0.55234375 0.0765625 0.08125
0 0.26796875 0.6046875 0.0765625 0.08125
0 0.26015625 0.528125 0.08125 0.084375
0 0.2265625 0.5765625 0.078125 0.0828125
0 0.21953125 0.5078125 0.0765625 0.084375
0 0.18125 0.55078125 0.084375 0.090625
0 0.1671875 0.721875 0.0828125 0.0890625
0 0.125 0.78515625 0.090625 0.1
0 0.12109375 0.6921875 0.075 0.0828125
0 0.075 0.75625 0.0828125 0.0953125
0 0.07734375 0.66953125 0.08125 0.0875
0 0.0359375 0.728125 0.071875 0.09375
0 0.190625 0.36328125 0.059375 0.0609375
0 0.15703125 0.40234375 0.065625 0.0703125
0 0.16015625 0.33984375 0.0640625 0.065625
0 0.12109375 0.37421875 0.0671875 0.0734375
0 0.128125 0.3171875 0.0640625 0.065625
0 0.09296875 0.346875 0.0640625 0.071875
0 0.07578125 0.5125 0.0671875 0.0671875
0 0.040625 0.55390625 0.06875 0.071875
0 0.0453125 0.49921875 0.059375 0.0609375
0 0.01875 0.5421875 0.0375 0.06875
0 0.0234375 0.490625 0.046875 0.05625
0 0.00625 0.53203125 0.0125 0.0578125