0 0.03203125 0.4015625 0.0640625 0.08125
0 0.05234375 0.33125 0.065625 0.0859375
0 0.071875 0.2359375 0.0484375 0.0953125
0 0.1125 0.25859375 0.0890625 0.1015625
0 0.134375 0.17265625 0.096875 0.1171875
0 0.1765625 0.2890625 0.09375 0.096875
0 0.2 0.2125 0.09375 0.0984375
0 0.08671875 0.415625 0.08125 0.0921875
0 0.1140625 0.3421875 0.0859375 0.0890625
0 0.1484375 0.4296875 0.090625 0.0953125
0 0.20390625 0.02734375 0.1109375 0.0546875
0 0.27734375 0.04453125 0.1078125 0.0890625
0 0.33046875 0.5265625 0.071875 0.0765625
0 0.35546875 0.46796875 0.0875 0.0953125
0 0.378125 0.5515625 0.078125 0.08125
0 0.4125 0.49140625 0.0796875 0.0875
0 0.4296875 0.57578125 0.071875 0.0828125
0 0.459375 0.5140625 0.0734375 0.0828125
0 0.4453125 0.2984375 0.084375 0.0953125
0 0.465625 0.21875 0.0953125 0.103125
0 0.5046875 0.31640625 0.0859375 0.0890625
0 0.56171875 0.33359375 0.075 0.0875
0 0.52734375 0.24296875 0.0828125 0.0953125
0 0.58515625 0.25390625 0.078125 0.09375
0 0.52578125 0.1046875 0.0921875 0.1078125
0 0.55390625 0.0359375 0.0859375 0.071875
0 0.584375 0.1328125 0.0921875 0.0953125
0 0.61328125 0.0546875 0.0859375 0.1
0 0.6484375 0.15625 0.08125 0.090625
0 0.67734375 0.07890625 0.09375 0.1046875
0 0.57265625 0.57421875 0.06875 0.0703125
0 0.6015625 0.52890625 0.078125 0.08125
0 0.61171875 0.59375 0.065625 0.06875
0 0.6484375 0.546875 0.0703125 0.078125
0 0.6578125 0.6109375 0.065625 0.06875
0 0.684375 0.56953125 0.0703125 0.0828125
0 0.66171875 0.43828125 0.075 0.0828125
0 0.69453125 0.3796875 0.075 0.084375
0 0.7109375 0.45859375 0.08125 0.0859375
0 0.74140625 0.40390625 0.0796875 0.0859375
0 0.75546875 0.475 0.075 0.0875
0 0.790625 0.4265625 0.084375 0.0921875
0 0.78671875 0.24609375 0.0828125 0.0890625
0 0.82421875 0.17421875 0.0890625 0.1015625
0 0.8390625 0.271875 0.0734375 0.0875
0 0.8796875 0.19921875 0.0796875 0.096875
0 0.88671875 0.29140625 0.08125 0.090625
0 0.92890625 0.2234375 0.084375 0.0953125
0 0.8015625 0.621875 0.059375 0.0609375
0 0.8328125 0.578125 0.0671875 0.071875
0 0.8359375 0.64375 0.0625 0.0640625
0 0.8734375 0.60390625 0.0671875 0.075
0 0.87109375 0.6640625 0.0640625 0.065625
0 0.9046875 0.6296875 0.0640625 0.075
0 0.90390625 0.45390625 0.0671875 0.065625
0 0.9375 0.4078125 0.06875 0.0734375
0 0.93828125 0.46484375 0.0609375 0.0625
0 0.97109375 0.41484375 0.0578125 0.0703125
0 0.965625 0.4703125 0.05625 0.0578125
0 0.9859375 0.42265625 0.028125 0.0578125
0 0.98359375 0.3125 0.0328125 0.06875