0 0.70546875 0.8828125 0.0859375 0.084375
0 0.64453125 0.91640625 0.0921875 0.0875
0 0.57109375 0.96484375 0.1109375 0.0703125
0 0.496875 0.98671875 0.109375 0.0265625
0 0.54921875 0.9140625 0.1 0.090625
0 0.475 0.953125 0.115625 0.09375
0 0.528125 0.84921875 0.096875 0.09375
0 0.459375 0.884375 0.0984375 0.0953125
0 0.67578125 0.8265625 0.090625 0.0828125
0 0.60625 0.85703125 0.0890625 0.0875
0 0.64375 0.7765625 0.09375 0.090625
0 0.3078125 0.984375 0.115625 0.03125
0 0.28125 0.94765625 0.11875 0.1046875
0 0.20703125 0.9671875 0.0890625 0.065625
0 0.58984375 0.58515625 0.0765625 0.0734375
0 0.53203125 0.60625 0.09375 0.0890625
0 0.57421875 0.5359375 0.08125 0.078125
0 0.51015625 0.5515625 0.0875 0.08125
0 0.55703125 0.48359375 0.08125 0.0734375
0 0.4953125 0.50390625 0.08125 0.0765625
0 0.35546875 0.6578125 0.0953125 0.0875
0 0.28671875 0.696875 0.103125 0.096875
0 0.32890625 0.60546875 0.0890625 0.0859375
0 0.30234375 0.5546875 0.0859375 0.078125
0 0.26171875 0.63828125 0.09375 0.0828125
0 0.23203125 0.590625 0.0921875 0.08125
0 0.16875 0.73125 0.10625 0.0953125
0 0.1015625 0.7609375 0.078125 0.08125
0 0.14921875 0.671875 0.0953125 0.0921875
0 0.0796875 0.70078125 0.0875 0.084375
0 0.121875 0.6125 0.0890625 0.08125
0 0.0546875 0.64140625 0.09375 0.090625
0 0.4609375 0.38671875 0.0703125 0.06875
0 0.41015625 0.39609375 0.08125 0.078125
0 0.44921875 0.346875 0.06875 0.065625
0 0.39140625 0.35234375 0.0796875 0.071875
0 0.43046875 0.303125 0.06875 0.065625
0 0.38359375 0.31328125 0.08125 0.0703125
0 0.30859375 0.41640625 0.0828125 0.0765625
0 0.2453125 0.4328125 0.0828125 0.0765625
0 0.2890625 0.36796875 0.084375 0.08125
0 0.23203125 0.38359375 0.0859375 0.08125
0 0.27109375 0.3265625 0.0859375 0.078125
0 0.2140625 0.334375 0.0921875 0.0859375
0 0.0921875 0.45703125 0.0890625 0.0828125
0 0.03359375 0.47890625 0.0671875 0.0921875
0 0.07578125 0.4046875 0.084375 0.075
0 0.02265625 0.42421875 0.0453125 0.0828125
0 0.05625 0.35859375 0.0890625 0.0828125
0 0.0140625 0.37421875 0.028125 0.0859375
0 0.3421875 0.19609375 0.0609375 0.059375
0 0.290625 0.2046875 0.071875 0.0671875
0 0.33359375 0.15859375 0.065625 0.0640625
0 0.28125 0.16015625 0.075 0.06875
0 0.3234375 0.1203125 0.065625 0.0640625
0 0.278125 0.1203125 0.071875 0.0640625
0 0.15703125 0.2375 0.0671875 0.0671875
0 0.103125 0.24609375 0.071875 0.06875
0 0.14140625 0.20703125 0.0609375 0.059375
0 0.08515625 0.21640625 0.06875 0.0609375
0 0.12734375 0.18515625 0.05625 0.0546875
0 0.07421875 0.19375 0.0578125 0.053125
0 0.01484375 0.26484375 0.0296875 0.0671875
0 0.01015625 0.23203125 0.0203125 0.0671875