0 0.46875 0.06796875 0.0640625 0.0609375
0 0.53671875 0.06328125 0.0703125 0.0609375
0 0.62734375 0.0359375 0.0875 0.0703125
0 0.709375 0.03125 0.090625 0.0609375
0 0.61953125 0.1046875 0.0796875 0.0609375
0 0.70234375 0.09765625 0.09375 0.0640625
0 0.61171875 0.17109375 0.0734375 0.0671875
0 0.68671875 0.16796875 0.075 0.0671875
0 0.471875 0.1296875 0.071875 0.05625
0 0.5453125 0.13125 0.0671875 0.0625
0 0.47890625 0.18828125 0.071875 0.0640625
0 0.89296875 0.03671875 0.096875 0.0640625
0 0.96953125 0.034375 0.0609375 0.065625
0 0.87890625 0.10625 0.0875 0.078125
0 0.9609375 0.1046875 0.078125 0.075
0 0.871875 0.18203125 0.090625 0.0765625
0 0.96015625 0.1859375 0.0796875 0.075
0 0.44765625 0.3796875 0.0578125 0.0515625
0 0.5078125 0.384375 0.0734375 0.0609375
0 0.440625 0.4296875 0.0609375 0.05625
0 0.5046875 0.4421875 0.0671875 0.05625
0 0.43515625 0.4828125 0.065625 0.0484375
0 0.4984375 0.490625 0.0640625 0.0515625
0 0.68515625 0.41171875 0.075 0.059375
0 0.7625 0.40546875 0.0796875 0.0671875
0 0.6875 0.46953125 0.0671875 0.0609375
0 0.68984375 0.52578125 0.06875 0.0515625
0 0.76015625 0.46796875 0.075 0.0546875
0 0.7671875 0.52265625 0.075 0.0515625
0 0.88125 0.42421875 0.0859375 0.0625
0 0.9625 0.42578125 0.075 0.0609375
0 0.87421875 0.484375 0.071875 0.065625
0 0.95703125 0.4875 0.0859375 0.059375
0 0.8734375 0.5484375 0.0703125 0.0546875
0 0.95078125 0.55078125 0.0828125 0.0640625
0 0.4796875 0.609375 0.053125 0.05
0 0.52890625 0.62109375 0.0625 0.0546875
0 0.47421875 0.64921875 0.053125 0.046875
0 0.52734375 0.66796875 0.0625 0.0484375
0 0.47265625 0.6953125 0.053125 0.046875
0 0.51796875 0.70625 0.065625 0.046875
0 0.62734375 0.64609375 0.0640625 0.053125
0 0.68984375 0.65703125 0.065625 0.0515625
0 0.62421875 0.69609375 0.0640625 0.0578125
0 0.68203125 0.70625 0.065625 0.05625
0 0.6234375 0.740625 0.06875 0.0515625
0 0.67734375 0.75703125 0.071875 0.059375
0 0.8359375 0.6984375 0.06875 0.0578125
0 0.9109375 0.71015625 0.0796875 0.0625
0 0.82890625 0.75234375 0.06875 0.05
0 0.90546875 0.76640625 0.0796875 0.0515625
0 0.8265625 0.80078125 0.0703125 0.05625
0 0.9 0.81796875 0.075 0.0578125
0 0.50703125 0.8265625 0.0453125 0.04375
0 0.55546875 0.840625 0.05625 0.046875
0 0.4984375 0.86328125 0.0484375 0.0453125
0 0.5453125 0.884375 0.059375 0.046875
0 0.49140625 0.9015625 0.0484375 0.046875
0 0.53203125 0.9203125 0.0578125 0.04375
0 0.6875 0.86640625 0.0484375 0.05
0 0.7390625 0.88125 0.0546875 0.0484375
0 0.68828125 0.9 0.046875 0.04375
0 0.74296875 0.91484375 0.0546875 0.040625
0 0.6921875 0.92578125 0.04375 0.040625
0 0.74296875 0.9390625 0.0453125 0.0359375
0 0.8421875 0.909375 0.0515625 0.05
0 0.89765625 0.93125 0.0640625 0.0578125
0 0.8390625 0.9421875 0.05625 0.046875
0 0.903125 0.9640625 0.0578125 0.0421875