0 0.909375 0.30703125 0.084375 0.0859375
0 0.93828125 0.375 0.0859375 0.0921875
0 0.9734375 0.46015625 0.053125 0.1078125
0 0.925 0.47421875 0.090625 0.103125
0 0.95625 0.55625 0.0875 0.11875
0 0.8546875 0.4890625 0.09375 0.0984375
0 0.884375 0.56484375 0.09375 0.1
0 0.84765625 0.33203125 0.0828125 0.09375
0 0.871875 0.40703125 0.0875 0.0890625
0 0.790625 0.359375 0.090625 0.096875
0 0.9796875 0.7390625 0.040625 0.115625
0 0.934375 0.759375 0.109375 0.11875
0 0.9546875 0.8390625 0.090625 0.084375
0 0.58359375 0.3953125 0.0734375 0.078125
0 0.6 0.45859375 0.0875 0.096875
0 0.53046875 0.40546875 0.0796875 0.08125
0 0.53984375 0.47578125 0.08125 0.0875
0 0.4734375 0.41875 0.0734375 0.0859375
0 0.4875 0.4859375 0.075 0.0828125
0 0.63515625 0.64921875 0.0875 0.0984375
0 0.66796875 0.7265625 0.0953125 0.1046875
0 0.5765625 0.671875 0.0859375 0.0890625
0 0.51953125 0.69375 0.078125 0.0890625
0 0.60390625 0.74609375 0.0828125 0.096875
0 0.55 0.771875 0.0796875 0.0953125
0 0.690625 0.85390625 0.09375 0.1109375
0 0.71328125 0.92578125 0.0796875 0.075
0 0.6265625 0.86796875 0.09375 0.096875
0 0.64921875 0.9421875 0.0828125 0.084375
0 0.5609375 0.88984375 0.08125 0.090625
0 0.5828125 0.95703125 0.090625 0.0859375
0 0.36015625 0.50859375 0.06875 0.071875
0 0.365625 0.56328125 0.078125 0.0828125
0 0.31796875 0.5171875 0.065625 0.0703125
0 0.3171875 0.578125 0.071875 0.08125
0 0.26953125 0.53203125 0.065625 0.0703125
0 0.27421875 0.58203125 0.0703125 0.084375
0 0.37421875 0.67265625 0.0765625 0.084375
0 0.38515625 0.740625 0.0765625 0.0859375
0 0.321875 0.68671875 0.08125 0.0859375
0 0.33203125 0.74921875 0.08125 0.0875
0 0.2765625 0.7015625 0.078125 0.0890625
0 0.27890625 0.7625 0.0859375 0.0953125
0 0.39453125 0.90390625 0.0828125 0.090625
0 0.40859375 0.96640625 0.0921875 0.0671875
0 0.33671875 0.91640625 0.075 0.0875
0 0.35 0.97421875 0.08125 0.0515625
0 0.28671875 0.93046875 0.0828125 0.0921875
0 0.29453125 0.98125 0.0859375 0.0375
0 0.14765625 0.61328125 0.0609375 0.0625
0 0.15 0.6671875 0.0671875 0.0734375
0 0.10703125 0.6171875 0.0640625 0.0671875
0 0.1015625 0.67265625 0.06875 0.0765625
0 0.065625 0.62421875 0.0640625 0.0671875
0 0.0609375 0.671875 0.0640625 0.075
0 0.1703125 0.81171875 0.0671875 0.0671875
0 0.1734375 0.86953125 0.0703125 0.0734375
0 0.13671875 0.82421875 0.0609375 0.0625
0 0.140625 0.8859375 0.0609375 0.0703125
0 0.1109375 0.8375 0.05625 0.0578125
0 0.121875 0.89140625 0.04375 0.05625
0 0.18125 0.975 0.06875 0.05
0 0.15625 0.97734375 0.05 0.0453125