0 0.93203125 0.46875 0.0609375 0.0640625
0 0.93671875 0.53671875 0.0609375 0.0703125
0 0.9640625 0.62734375 0.0703125 0.0875
0 0.96875 0.709375 0.0609375 0.090625
0 0.8953125 0.61953125 0.0609375 0.0796875
0 0.90234375 0.70234375 0.0640625 0.09375
0 0.82890625 0.61171875 0.0671875 0.0734375
0 0.83203125 0.68671875 0.0671875 0.075
0 0.8703125 0.471875 0.05625 0.071875
0 0.86875 0.5453125 0.0625 0.0671875
0 0.81171875 0.47890625 0.0640625 0.071875
0 0.96328125 0.89296875 0.0640625 0.096875
0 0.965625 0.96953125 0.065625 0.0609375
0 0.89375 0.87890625 0.078125 0.0875
0 0.8953125 0.9609375 0.075 0.078125
0 0.81796875 0.871875 0.0765625 0.090625
0 0.8140625 0.96015625 0.075 0.0796875
0 0.6203125 0.44765625 0.0515625 0.0578125
0 0.615625 0.5078125 0.0609375 0.0734375
0 0.5703125 0.440625 0.05625 0.0609375
0 0.5578125 0.5046875 0.05625 0.0671875
0 0.5171875 0.43515625 0.0484375 0.065625
0 0.509375 0.4984375 0.0515625 0.0640625
0 0.58828125 0.68515625 0.059375 0.075
0 0.59453125 0.7625 0.0671875 0.0796875
0 0.53046875 0.6875 0.0609375 0.0671875
0 0.47421875 0.68984375 0.0515625 0.06875
0 0.53203125 0.76015625 0.0546875 0.075
0 0.47734375 0.7671875 0.0515625 0.075
0 0.57578125 0.88125 0.0625 0.0859375
0 0.57421875 0.9625 0.0609375 0.075
0 0.515625 0.87421875 0.065625 0.071875
0 0.5125 0.95703125 0.059375 0.0859375
0 0.4515625 0.8734375 0.0546875 0.0703125
0 0.44921875 0.95078125 0.0640625 0.0828125
0 0.390625 0.4796875 0.05 0.053125
0 0.37890625 0.52890625 0.0546875 0.0625
0 0.35078125 0.47421875 0.046875 0.053125
0 0.33203125 0.52734375 0.0484375 0.0625
0 0.3046875 0.47265625 0.046875 0.053125
0 0.29375 0.51796875 0.046875 0.065625
0 0.35390625 0.62734375 0.053125 0.0640625
0 0.34296875 0.68984375 0.0515625 0.065625
0 0.30390625 0.62421875 0.0578125 0.0640625
0 0.29375 0.68203125 0.05625 0.065625
0 0.259375 0.6234375 0.0515625 0.06875
0 0.24296875 0.67734375 0.059375 0.071875
0 0.3015625 0.8359375 0.0578125 0.06875
0 0.28984375 0.9109375 0.0625 0.0796875
0 0.24765625 0.82890625 0.05 0.06875
0 0.23359375 0.90546875 0.0515625 0.0796875
0 0.19921875 0.8265625 0.05625 0.0703125
0 0.18203125 0.9 0.0578125 0.075
0 0.1734375 0.50703125 0.04375 0.0453125
0 0.159375 0.55546875 0.046875 0.05625
0 0.13671875 0.4984375 0.0453125 0.0484375
0 0.115625 0.5453125 0.046875 0.059375
0 0.0984375 0.49140625 0.046875 0.0484375
0 0.0796875 0.53203125 0.04375 0.0578125
0 0.13359375 0.6875 0.05 0.0484375
0 0.11875 0.7390625 0.0484375 0.0546875
0 0.1 0.68828125 0.04375 0.046875
0 0.08515625 0.74296875 0.040625 0.0546875
0 0.07421875 0.6921875 0.040625 0.04375
0 0.0609375 0.74296875 0.0359375 0.0453125
0 0.090625 0.8421875 0.05 0.0515625
0 0.06875 0.89765625 0.0578125 0.0640625
0 0.0578125 0.8390625 0.046875 0.05625
0 0.0359375 0.903125 0.0421875 0.0578125