0 0.58125 0.0625 0.0734375 0.0703125
0 0.5125 0.0484375 0.0796875 0.071875
0 0.42265625 0.025 0.0984375 0.05
0 0.3390625 0.0140625 0.1 0.028125
0 0.421875 0.07890625 0.0890625 0.0734375
0 0.33828125 0.059375 0.1046875 0.078125
0 0.4203125 0.146875 0.084375 0.078125
0 0.34375 0.13359375 0.0875 0.0796875
0 0.56953125 0.12578125 0.0828125 0.0671875
0 0.49375 0.11640625 0.0765625 0.075
0 0.553125 0.184375 0.0828125 0.075
0 0.15546875 0.04453125 0.1015625 0.0890625
0 0.0859375 0.03671875 0.0625 0.0734375
0 0.15234375 0.12109375 0.103125 0.090625
0 0.07578125 0.11484375 0.0640625 0.084375
0 0.5578125 0.384375 0.065625 0.0609375
0 0.4953125 0.38046875 0.0828125 0.071875
0 0.5578125 0.43671875 0.0703125 0.065625
0 0.490625 0.440625 0.0765625 0.0671875
0 0.55546875 0.49140625 0.075 0.059375
0 0.490625 0.490625 0.071875 0.0625
0 0.3109375 0.3828125 0.0859375 0.071875
0 0.2328125 0.365625 0.090625 0.0796875
0 0.3 0.4421875 0.0765625 0.071875
0 0.28984375 0.4984375 0.078125 0.0625
0 0.22578125 0.4296875 0.0859375 0.0671875
0 0.21015625 0.484375 0.084375 0.0640625
0 0.10859375 0.36796875 0.096875 0.078125
0 0.0390625 0.359375 0.05625 0.06875
0 0.10703125 0.4296875 0.084375 0.078125
0 0.0359375 0.4234375 0.0671875 0.06875
0 0.0984375 0.4953125 0.0796875 0.065625
0 0.0328125 0.48828125 0.065625 0.0734375
0 0.49140625 0.61484375 0.0609375 0.059375
0 0.43984375 0.61953125 0.0734375 0.0640625
0 0.4921875 0.65625 0.0609375 0.05625
0 0.434375 0.6671875 0.071875 0.059375
0 0.4875 0.703125 0.0609375 0.05625
0 0.4390625 0.70859375 0.075 0.0578125
0 0.3359375 0.63046875 0.071875 0.0640625
0 0.2703125 0.63359375 0.075 0.0625
0 0.33125 0.68203125 0.0734375 0.0671875
0 0.27109375 0.68515625 0.0765625 0.0671875
0 0.32578125 0.728125 0.078125 0.0625
0 0.26875 0.7375 0.0828125 0.0703125
0 0.115625 0.65390625 0.0796875 0.06875
0 0.040625 0.65546875 0.08125 0.0765625
0 0.11484375 0.71015625 0.078125 0.0609375
0 0.0390625 0.71328125 0.078125 0.0640625
0 0.11015625 0.76015625 0.0796875 0.0671875
0 0.0375 0.76640625 0.075 0.0703125
0 0.4328125 0.8328125 0.053125 0.0515625
0 0.38125 0.83984375 0.0640625 0.05625
0 0.43671875 0.87109375 0.05625 0.053125
0 0.3859375 0.8859375 0.0671875 0.05625
0 0.43828125 0.91171875 0.05625 0.0546875
0 0.39375 0.92421875 0.065625 0.053125
0 0.24296875 0.84765625 0.05625 0.0578125
0 0.18828125 0.85546875 0.0625 0.0578125
0 0.2375 0.88203125 0.0546875 0.0515625
0 0.17890625 0.8890625 0.0609375 0.05
0 0.2296875 0.9078125 0.05 0.0484375
0 0.175 0.91328125 0.0515625 0.04375
0 0.078125 0.86875 0.059375 0.0578125
0 0.02734375 0.88359375 0.0546875 0.0671875
0 0.0765625 0.903125 0.0640625 0.05625
0 0.0203125 0.91484375 0.040625 0.0484375