0 0.58125 0.95703125 0.071875 0.06875
0 0.5109375 0.965625 0.078125 0.06875
0 0.41640625 0.9796875 0.0953125 0.040625
0 0.33125 0.98828125 0.096875 0.0234375
0 0.4203125 0.92890625 0.0890625 0.0703125
0 0.334375 0.94296875 0.103125 0.0734375
0 0.42421875 0.859375 0.0828125 0.075
0 0.3453125 0.86796875 0.0828125 0.075
0 0.5734375 0.89296875 0.0796875 0.0640625
0 0.49609375 0.896875 0.075 0.0703125
0 0.56171875 0.83203125 0.0796875 0.071875
0 0.13828125 0.9921875 0.1046875 0.015625
0 0.14921875 0.946875 0.096875 0.0875
0 0.0671875 0.95390625 0.078125 0.084375
0 0.1515625 0.8671875 0.1 0.0875
0 0.06328125 0.86796875 0.08125 0.084375
0 0.58046875 0.62890625 0.0640625 0.0578125
0 0.5171875 0.62890625 0.0828125 0.06875
0 0.584375 0.5765625 0.06875 0.0640625
0 0.51640625 0.56796875 0.075 0.0640625
0 0.5859375 0.5203125 0.071875 0.0546875
0 0.51953125 0.51640625 0.0703125 0.0578125
0 0.3296875 0.61328125 0.0828125 0.0671875
0 0.2484375 0.625 0.0890625 0.0765625
0 0.32265625 0.55234375 0.075 0.06875
0 0.31640625 0.49375 0.075 0.0578125
0 0.24765625 0.56015625 0.08125 0.0609375
0 0.23515625 0.503125 0.08125 0.0578125
0 0.1234375 0.6140625 0.0953125 0.071875
0 0.0421875 0.61796875 0.075 0.06875
0 0.12578125 0.55078125 0.0796875 0.0734375
0 0.04375 0.55234375 0.0875 0.06875
0 0.121875 0.48359375 0.0765625 0.0609375
0 0.04375 0.48671875 0.0875 0.0734375
0 0.5296875 0.39140625 0.059375 0.05625
0 0.47734375 0.3828125 0.06875 0.0609375
0 0.53359375 0.34921875 0.059375 0.053125
0 0.47578125 0.33359375 0.06875 0.0546875
0 0.53125 0.30078125 0.059375 0.053125
0 0.4828125 0.29296875 0.071875 0.0546875
0 0.37265625 0.36328125 0.0703125 0.0609375
0 0.30703125 0.35703125 0.071875 0.0578125
0 0.37265625 0.3109375 0.071875 0.065625
0 0.31171875 0.3046875 0.0734375 0.0640625
0 0.3703125 0.2640625 0.075 0.0578125
0 0.3125 0.25078125 0.0796875 0.0671875
0 0.15078125 0.32421875 0.0765625 0.065625
0 0.07109375 0.3171875 0.0890625 0.071875
0 0.15390625 0.2671875 0.075 0.0578125
0 0.07265625 0.2578125 0.0875 0.059375
0 0.153125 0.21640625 0.078125 0.0640625
0 0.075 0.203125 0.0828125 0.065625
0 0.4859375 0.165625 0.05 0.05
0 0.43359375 0.1546875 0.0625 0.0546875
0 0.4921875 0.12734375 0.053125 0.05
0 0.44140625 0.1078125 0.065625 0.0546875
0 0.496875 0.0859375 0.053125 0.053125
0 0.45234375 0.06953125 0.0640625 0.0515625
0 0.29375 0.13671875 0.053125 0.05625
0 0.2390625 0.125 0.059375 0.053125
0 0.290625 0.1015625 0.053125 0.05
0 0.2328125 0.090625 0.059375 0.046875
0 0.284375 0.07578125 0.05 0.046875
0 0.23046875 0.065625 0.05 0.040625
0 0.128125 0.10390625 0.05625 0.05625
0 0.06953125 0.084375 0.071875 0.065625
0 0.1296875 0.06953125 0.0625 0.0546875
0 0.0625 0.05078125 0.0640625 0.046875