0 0.9828125 0.56875 0.034375 0.071875
0 0.984375 0.49140625 0.03125 0.0796875
0 0.95546875 0.40234375 0.0703125 0.0890625
0 0.959375 0.31171875 0.071875 0.1046875
0 0.88203125 0.41328125 0.078125 0.084375
0 0.8828125 0.33046875 0.078125 0.0859375
0 0.9328125 0.56640625 0.065625 0.08125
0 0.92890625 0.48515625 0.071875 0.078125
0 0.86796875 0.5609375 0.075 0.0828125
0 0.94375 0.115625 0.0890625 0.1
0 0.94140625 0.034375 0.0859375 0.06875
0 0.86015625 0.12578125 0.0875 0.103125
0 0.85234375 0.0375 0.0859375 0.075
0 0.6578125 0.60234375 0.0578125 0.065625
0 0.65 0.5359375 0.0703125 0.0828125
0 0.60234375 0.6125 0.0640625 0.06875
0 0.58671875 0.5421875 0.065625 0.0765625
0 0.54375 0.6203125 0.05625 0.0734375
0 0.5328125 0.55078125 0.059375 0.0734375
0 0.61328125 0.34140625 0.06875 0.084375
0 0.6171875 0.25546875 0.078125 0.090625
0 0.54921875 0.340625 0.0703125 0.0765625
0 0.48671875 0.33984375 0.059375 0.0765625
0 0.54765625 0.2609375 0.0640625 0.084375
0 0.48671875 0.2546875 0.059375 0.084375
0 0.59140625 0.125 0.071875 0.096875
0 0.58671875 0.03828125 0.0703125 0.0765625
0 0.52578125 0.13515625 0.075 0.0828125
0 0.51875 0.0453125 0.06875 0.090625
0 0.4546875 0.13828125 0.0640625 0.0796875
0 0.44921875 0.05234375 0.075 0.09375
0 0.40234375 0.57578125 0.0578125 0.0609375
0 0.3875 0.521875 0.0640625 0.0703125
0 0.35859375 0.58359375 0.053125 0.0609375
0 0.3359375 0.525 0.05625 0.0703125
0 0.3078125 0.5875 0.053125 0.0609375
0 0.29375 0.5375 0.0546875 0.0734375
0 0.35625 0.4140625 0.0625 0.0734375
0 0.34140625 0.3453125 0.059375 0.0734375
0 0.30078125 0.41953125 0.0671875 0.0734375
0 0.28671875 0.35546875 0.065625 0.0734375
0 0.2515625 0.421875 0.059375 0.0765625
0 0.23125 0.36328125 0.06875 0.08125
0 0.28984375 0.18515625 0.0671875 0.0765625
0 0.27421875 0.103125 0.071875 0.090625
0 0.23046875 0.1953125 0.059375 0.0765625
0 0.21171875 0.11171875 0.059375 0.0890625
0 0.1765625 0.19921875 0.065625 0.0796875
0 0.15546875 0.11875 0.0671875 0.084375
0 0.1609375 0.55390625 0.05 0.0515625
0 0.14375 0.5015625 0.053125 0.0640625
0 0.12109375 0.56484375 0.0515625 0.0546875
0 0.0953125 0.5140625 0.053125 0.0671875
0 0.078125 0.57421875 0.053125 0.0546875
0 0.05625 0.53046875 0.05 0.065625
0 0.109375 0.35546875 0.0578125 0.0546875
0 0.09140625 0.29921875 0.0546875 0.0625
0 0.07265625 0.35625 0.05 0.053125
0 0.0546875 0.296875 0.046875 0.0625
0 0.04375 0.353125 0.046875 0.05
0 0.02734375 0.29765625 0.0421875 0.0515625
0 0.05625 0.18671875 0.0578125 0.0578125
0 0.03125 0.12578125 0.0625 0.0734375
0 0.0234375 0.19140625 0.046875 0.0640625
0 0.009375 0.121875 0.01875 0.065625