0 0.98046875 0.5359375 0.0390625 0.071875
0 0.9828125 0.459375 0.034375 0.078125
0 0.953125 0.36796875 0.0671875 0.0875
0 0.9609375 0.27578125 0.071875 0.103125
0 0.8796875 0.3765625 0.075 0.08125
0 0.88359375 0.29296875 0.075 0.0828125
0 0.92578125 0.53125 0.0625 0.0796875
0 0.92421875 0.45 0.06875 0.075
0 0.8609375 0.5234375 0.071875 0.0796875
0 0.9515625 0.08046875 0.0875 0.096875
0 0.953125 0.01640625 0.0828125 0.0328125
0 0.86796875 0.08828125 0.084375 0.1
0 0.86328125 0.0171875 0.0828125 0.034375
0 0.6484375 0.5578125 0.05625 0.0640625
0 0.64375 0.49140625 0.0671875 0.08125
0 0.59375 0.565625 0.0625 0.0671875
0 0.5796875 0.49453125 0.0625 0.075
0 0.534375 0.571875 0.053125 0.071875
0 0.52578125 0.5015625 0.05625 0.071875
0 0.61328125 0.2953125 0.065625 0.0828125
0 0.6203125 0.209375 0.075 0.0875
0 0.54921875 0.2921875 0.0671875 0.075
0 0.48671875 0.28984375 0.05625 0.075
0 0.55078125 0.21171875 0.0609375 0.0828125
0 0.490625 0.20390625 0.05625 0.0828125
0 0.59921875 0.078125 0.06875 0.0953125
0 0.59765625 0.01484375 0.0671875 0.0296875
0 0.5328125 0.0859375 0.071875 0.0796875
0 0.5296875 0.02109375 0.065625 0.040625
0 0.46171875 0.08671875 0.0609375 0.078125
0 0.459375 0.0234375 0.071875 0.046875
0 0.39453125 0.52265625 0.05625 0.059375
0 0.38125 0.46796875 0.0609375 0.06875
0 0.35 0.52890625 0.0515625 0.059375
0 0.3296875 0.46953125 0.053125 0.06875
0 0.29921875 0.53046875 0.0515625 0.059375
0 0.2875 0.48046875 0.0515625 0.071875
0 0.35390625 0.359375 0.059375 0.071875
0 0.34140625 0.28984375 0.05625 0.071875
0 0.2984375 0.3625 0.0640625 0.071875
0 0.2875 0.2984375 0.0625 0.071875
0 0.24921875 0.36328125 0.05625 0.075
0 0.23125 0.30390625 0.065625 0.0796875
0 0.29609375 0.128125 0.0640625 0.075
0 0.2828125 0.0453125 0.06875 0.0875
0 0.2359375 0.1359375 0.05625 0.075
0 0.2203125 0.05078125 0.05625 0.0875
0 0.1828125 0.13828125 0.0625 0.078125
0 0.16328125 0.05703125 0.0640625 0.0828125
0 0.15390625 0.4921875 0.0484375 0.05
0 0.13828125 0.43828125 0.0515625 0.0625
0 0.11328125 0.5015625 0.05 0.053125
0 0.08984375 0.45 0.0515625 0.065625
0 0.07109375 0.509375 0.0515625 0.053125
0 0.05 0.46484375 0.0484375 0.0640625
0 0.11015625 0.2921875 0.05625 0.053125
0 0.09375 0.23515625 0.053125 0.0609375
0 0.07265625 0.29140625 0.0484375 0.0515625
0 0.05625 0.23125 0.0453125 0.0609375
0 0.04375 0.2875 0.0453125 0.0484375
0 0.0296875 0.23125 0.040625 0.05
0 0.0625 0.12109375 0.05625 0.05625
0 0.03828125 0.059375 0.0640625 0.071875
0 0.02578125 0.12421875 0.0515625 0.0625
0 0.01328125 0.0546875 0.025 0.0640625