0 0.9125 0.26484375 0.175 0.1890625
0 0.88359375 0.396875 0.1921875 0.1875
0 0.803125 0.5234375 0.1640625 0.1796875
0 0.803125 0.6828125 0.1875 0.1796875
0 0.76328125 0.84296875 0.1953125 0.1921875
0 0.63671875 0.934375 0.2046875 0.13125
0 0.63671875 0.75 0.203125 0.1984375
0 0.6859375 0.59921875 0.1890625 0.1859375
0 0.71640625 0.4390625 0.196875 0.19375
0 0.75703125 0.29296875 0.19375 0.19375
0 0.79296875 0.14296875 0.1859375 0.1875
0 0.6546875 0.09609375 0.1796875 0.1734375
0 0.5203125 0.05625 0.165625 0.1125
0 0.36796875 0.04375 0.1765625 0.0875
0 0.4953125 0.190625 0.1859375 0.196875
0 0.34453125 0.14765625 0.2015625 0.2015625
0 0.2828125 0.2921875 0.20625 0.2109375
0 0.428125 0.3515625 0.1984375 0.2
0 0.35 0.52578125 0.1984375 0.203125
0 0.21484375 0.44375 0.209375 0.2125
0 0.1734375 0.61171875 0.2140625 0.2109375
0 0.3734375 0.678125 0.203125 0.20625
0 0.28984375 0.8234375 0.2140625 0.2171875
0 0.128125 0.7796875 0.2171875 0.221875
0 0.44765625 0.953125 0.1828125 0.09375