0 0.1640625 0.15390625 0.1515625 0.15
0 0.29765625 0.153125 0.15 0.1546875
0 0.4375 0.19921875 0.1484375 0.128125
0 0.58828125 0.1578125 0.14375 0.153125
0 0.75 0.1546875 0.153125 0.1578125
0 0.9015625 0.24296875 0.1625 0.1671875
0 0.69375 0.29765625 0.159375 0.165625
0 0.5390625 0.28984375 0.15 0.1515625
0 0.38046875 0.30078125 0.1546875 0.1578125
0 0.23125 0.30078125 0.15625 0.15625
0 0.07890625 0.3046875 0.1546875 0.15
0 0.06953125 0.4453125 0.1390625 0.146875
0 0.0546875 0.5875 0.109375 0.140625
0 0.06171875 0.7390625 0.1234375 0.146875
0 0.2015625 0.57265625 0.1609375 0.146875
0 0.19921875 0.72578125 0.1625 0.1625
0 0.35078125 0.7484375 0.171875 0.165625
0 0.3703125 0.59609375 0.1609375 0.159375
0 0.5546875 0.62421875 0.165625 0.159375
0 0.5109375 0.77421875 0.171875 0.16875
0 0.68046875 0.76953125 0.16875 0.175
0 0.6921875 0.56484375 0.16875 0.1609375
0 0.85078125 0.6078125 0.175 0.171875
0 0.85 0.7703125 0.18125 0.1734375
0 0.953125 0.41953125 0.09375 0.1671875