0 0.48671875 0.7859375 0.09375 0.13125
0 0.5046875 0.94296875 0.0875 0.1140625
0 0.58203125 0.85703125 0.09375 0.1484375
0 0.58046875 0.95625 0.0875 0.08125
0 0.72421875 0.7640625 0.10625 0.15
0 0.64921875 0.8125 0.0953125 0.15625
0 0.61953125 0.32578125 0.103125 0.15625
0 0.7328125 0.453125 0.0921875 0.175
0 0.3984375 0.19921875 0.0890625 0.14375
0 0.47421875 0.2 0.0875 0.1484375
0 0.540625 0.3296875 0.090625 0.15625
0 0.53984375 0.55078125 0.096875 0.1515625
0 0.6140625 0.56171875 0.096875 0.1515625
0 0.60703125 0.7015625 0.0953125 0.1546875
0 0.68984375 0.6296875 0.10625 0.1640625
0 0.67578125 0.4765625 0.084375 0.1484375
0 0.65546875 0.9234375 0.0953125 0.1359375
0 0.53359375 0.67890625 0.0875 0.15625
0 0.48515625 0.41328125 0.0859375 0.14375
0 0.38671875 0.29921875 0.08125 0.125
0 0.44140625 0.55703125 0.075 0.134375
0 0.31875 0.65390625 0.0859375 0.128125
0 0.35625 0.78203125 0.0828125 0.1359375
0 0.43671875 0.92890625 0.0859375 0.1421875
0 0.43984375 0.725 0.084375 0.146875
0 0.340625 0.8984375 0.084375 0.125
0 0.3546875 0.48125 0.0859375 0.1265625
0 0.3921875 0.565625 0.0703125 0.1453125
0 0.409375 0.45625 0.071875 0.1453125
0 0.3390625 0.3390625 0.071875 0.1296875
0 0.31796875 0.43671875 0.0734375 0.109375
0 0.45703125 0.2953125 0.0796875 0.128125
0 0.7390625 0.2890625 0.0890625 0.1625