0 0.8546875 0.43828125 0.15625 0.1171875
0 0.8765625 0.3390625 0.178125 0.1203125
0 0.7265625 0.234375 0.165625 0.1171875
0 0.8234375 0.275 0.178125 0.13125
0 0.61640625 0.29609375 0.1828125 0.128125
0 0.24921875 0.30234375 0.1546875 0.1109375
0 0.34140625 0.41171875 0.15625 0.1125
0 0.4734375 0.32265625 0.165625 0.1203125
0 0.37734375 0.4765625 0.159375 0.11875
0 0.315625 0.63671875 0.15625 0.1125
0 0.4109375 0.634375 0.14375 0.1
0 0.70234375 0.3359375 0.165625 0.1203125
0 0.56015625 0.3796875 0.1625 0.103125
0 0.58984375 0.44609375 0.159375 0.115625
0 0.72578125 0.40625 0.14375 0.1
0 0.4921875 0.51328125 0.1484375 0.109375
0 0.29296875 0.56484375 0.153125 0.1109375
0 0.63671875 0.540625 0.14375 0.1
0 0.7953125 0.62578125 0.146875 0.1
0 0.6171875 0.62890625 0.1515625 0.0921875
0 0.4859375 0.675 0.1171875 0.0875
0 0.92265625 0.5625 0.15 0.103125
0 0.81953125 0.49609375 0.153125 0.103125
0 0.68125 0.56796875 0.1546875 0.096875
0 0.915625 0.50234375 0.1390625 0.090625
0 0.921875 0.4515625 0.134375 0.1015625