0 0.62265625 0.203125 0.2015625 0.1296875
0 0.79296875 0.22421875 0.1765625 0.109375
0 0.29921875 0.16953125 0.1859375 0.13125
0 0.2203125 0.23515625 0.175 0.1171875
0 0.1015625 0.21953125 0.1296875 0.1125
0 0.42578125 0.221875 0.1578125 0.1171875
0 0.56953125 0.25546875 0.178125 0.1125
0 0.84453125 0.36875 0.153125 0.1203125
0 0.71796875 0.3453125 0.1609375 0.1125
0 0.6828125 0.4203125 0.1640625 0.115625
0 0.7671875 0.58359375 0.1421875 0.109375
0 0.4546875 0.38671875 0.1625 0.115625
0 0.33203125 0.3 0.1578125 0.1140625
0 0.47109375 0.31015625 0.1609375 0.109375
0 0.15 0.30234375 0.1703125 0.115625
0 0.31953125 0.3734375 0.15625 0.1078125
0 0.178125 0.41015625 0.1625 0.109375
0 0.04453125 0.446875 0.0890625 0.090625
0 0.0375 0.5515625 0.075 0.090625
0 0.13125 0.54375 0.1484375 0.096875
0 0.25703125 0.6046875 0.13125 0.09375
0 0.41328125 0.49609375 0.1578125 0.1015625
0 0.57890625 0.471875 0.1515625 0.1
0 0.43984375 0.44921875 0.1609375 0.1015625
0 0.23046875 0.46796875 0.15 0.0890625
0 0.37734375 0.53828125 0.128125 0.0828125
0 0.77890625 0.503125 0.15 0.109375
0 0.65546875 0.58203125 0.1390625 0.096875
0 0.44140625 0.58828125 0.1203125 0.090625
0 0.584375 0.63046875 0.1234375 0.0921875
0 0.48046875 0.63671875 0.128125 0.0859375
0 0.4921875 0.5375 0.1484375 0.0828125