0 0.46640625 0.1734375 0.0953125 0.1390625
0 0.40078125 0.42890625 0.09375 0.15625
0 0.29375 0.15703125 0.1 0.1734375
0 0.234375 0.50703125 0.1 0.1484375
0 0.25078125 0.3765625 0.090625 0.1515625
0 0.14453125 0.7296875 0.0921875 0.165625
0 0.2203125 0.23515625 0.1015625 0.1671875
0 0.37265625 0.1234375 0.090625 0.1609375
0 0.32109375 0.29296875 0.096875 0.1640625
0 0.32109375 0.43515625 0.0921875 0.1390625
0 0.28359375 0.6765625 0.0921875 0.153125
0 0.365625 0.64375 0.0875 0.1578125
0 0.42890625 0.7546875 0.0875 0.1421875
0 0.5046875 0.753125 0.0875 0.134375
0 0.53125 0.66015625 0.075 0.121875
0 0.44375 0.55390625 0.0734375 0.1359375
0 0.303125 0.55703125 0.090625 0.1390625
0 0.3984375 0.2921875 0.0875 0.15625
0 0.5046875 0.40546875 0.0765625 0.1421875
0 0.61015625 0.140625 0.0828125 0.1359375
0 0.6328125 0.28046875 0.0828125 0.1140625
0 0.58828125 0.45625 0.0828125 0.1140625
0 0.5921875 0.5953125 0.0734375 0.11875
0 0.62109375 0.4984375 0.06875 0.1125
0 0.55078125 0.3765625 0.071875 0.1265625
0 0.525 0.49453125 0.0703125 0.11875
0 0.4546875 0.29375 0.0859375 0.125
0 0.51328125 0.21953125 0.08125 0.146875
0 0.55078125 0.24921875 0.0734375 0.1296875
0 0.56015625 0.134375 0.0671875 0.1375
0 0.496875 0.103125 0.0859375 0.1390625
0 0.18046875 0.58671875 0.096875 0.1609375