0 0.675 0.784375 0.1265625 0.15
0 0.5203125 0.878125 0.1578125 0.196875
0 0.42265625 0.84609375 0.1625 0.19375
0 0.3359375 0.5828125 0.1359375 0.1703125
0 0.2625 0.5609375 0.1453125 0.19375
0 0.39140625 0.71015625 0.1421875 0.175
0 0.57421875 0.94921875 0.1265625 0.1015625
0 0.6140625 0.87890625 0.1453125 0.171875
0 0.30703125 0.40546875 0.14375 0.16875
0 0.42265625 0.6109375 0.15 0.1890625
0 0.50390625 0.74453125 0.1515625 0.178125
0 0.38515625 0.38671875 0.140625 0.171875
0 0.496875 0.58828125 0.134375 0.159375
0 0.57578125 0.71015625 0.140625 0.171875
0 0.721875 0.91015625 0.10625 0.0984375
0 0.78203125 0.87265625 0.1125 0.1109375
0 0.39453125 0.2484375 0.134375 0.165625
0 0.48984375 0.43671875 0.13125 0.165625
0 0.4609375 0.21484375 0.1203125 0.1484375
0 0.5234375 0.3 0.11875 0.140625
0 0.54296875 0.55625 0.1296875 0.159375
0 0.6046875 0.5515625 0.1125 0.1484375
0 0.68828125 0.70625 0.1109375 0.1328125
0 0.6546875 0.55078125 0.10625 0.1359375
0 0.58046875 0.4453125 0.115625 0.1390625
0 0.653125 0.46015625 0.1140625 0.1453125
0 0.80234375 0.734375 0.109375 0.1375
0 0.771875 0.60703125 0.11875 0.1453125
0 0.86796875 0.81953125 0.10625 0.1234375
0 0.66484375 0.409375 0.1 0.1203125
0 0.59921875 0.32109375 0.1125 0.1375