0 0.19921875 0.5125 0.115625 0.071875
0 0.184375 0.6765625 0.159375 0.0828125
0 0.24921875 0.74296875 0.1515625 0.090625
0 0.49921875 0.709375 0.1375 0.071875
0 0.54609375 0.76015625 0.1625 0.0671875
0 0.37265625 0.71484375 0.1390625 0.0765625
0 0.06953125 0.6671875 0.1390625 0.0828125
0 0.14609375 0.6 0.134375 0.0828125
0 0.65546875 0.6625 0.1296875 0.0828125
0 0.4421875 0.64921875 0.153125 0.0765625
0 0.30078125 0.63671875 0.1390625 0.0859375
0 0.63984375 0.590625 0.1375 0.075
0 0.43046875 0.5796875 0.125 0.075
0 0.3 0.5640625 0.1375 0.075
0 0.0546875 0.52421875 0.109375 0.0765625
0 0.0625 0.46015625 0.1203125 0.0765625
0 0.74921875 0.528125 0.1328125 0.071875
0 0.55703125 0.525 0.1328125 0.06875
0 0.75 0.46015625 0.1203125 0.0640625
0 0.65546875 0.44375 0.1109375 0.065625
0 0.43828125 0.5296875 0.128125 0.0671875
0 0.41796875 0.4765625 0.1234375 0.0546875
0 0.2578125 0.4703125 0.1046875 0.0609375
0 0.3984375 0.4359375 0.1109375 0.053125
0 0.5140625 0.4546875 0.1109375 0.0625
0 0.4734375 0.40078125 0.11875 0.0578125
0 0.18984375 0.3890625 0.1109375 0.05625
0 0.30546875 0.3625 0.115625 0.0640625
0 0.0859375 0.36875 0.1109375 0.0625
0 0.51015625 0.37109375 0.0953125 0.0546875
0 0.6078125 0.38984375 0.109375 0.0609375