0 0.38203125 0.490625 0.2109375 0.171875
0 0.3171875 0.72109375 0.2421875 0.2
0 0.07109375 0.55078125 0.1421875 0.1859375
0 0.22421875 0.328125 0.1953125 0.1640625
0 0.10703125 0.70078125 0.2140625 0.1921875
0 0.1734375 0.40390625 0.2109375 0.16875
0 0.25390625 0.19765625 0.1859375 0.15
0 0.13203125 0.24921875 0.1515625 0.1359375
0 0.121875 0.50703125 0.2140625 0.1734375
0 0.1796875 0.62421875 0.21875 0.1859375
0 0.24375 0.83125 0.240625 0.1796875
0 0.39453125 0.83203125 0.2359375 0.1953125
0 0.52421875 0.91875 0.2453125 0.1625
0 0.7265625 0.9203125 0.221875 0.159375
0 0.4796875 0.7484375 0.228125 0.1796875
0 0.64375 0.775 0.2015625 0.165625
0 0.5703125 0.84453125 0.2125 0.1671875
0 0.85546875 0.79921875 0.1390625 0.1359375
0 0.66328125 0.68359375 0.20625 0.1765625
0 0.4890625 0.6515625 0.23125 0.18125
0 0.31484375 0.58359375 0.2234375 0.178125
0 0.3765625 0.28125 0.1640625 0.1375
0 0.546875 0.3140625 0.1765625 0.140625
0 0.7140625 0.44921875 0.171875 0.1375
0 0.803125 0.684375 0.2015625 0.1578125
0 0.65390625 0.53203125 0.196875 0.1546875
0 0.453125 0.4515625 0.19375 0.153125
0 0.8734375 0.49765625 0.1859375 0.1484375
0 0.9203125 0.609375 0.159375 0.140625
0 0.49375 0.54140625 0.209375 0.165625
0 0.628125 0.4625 0.1765625 0.1375
0 0.4796875 0.40546875 0.1796875 0.1421875