0 0.19453125 0.50703125 0.1390625 0.084375
0 0.43984375 0.4703125 0.1265625 0.0765625
0 0.19375 0.75546875 0.159375 0.0984375
0 0.15078125 0.678125 0.1515625 0.084375
0 0.1296875 0.5984375 0.1546875 0.0875
0 0.02890625 0.59765625 0.0515625 0.0734375
0 0.05703125 0.6734375 0.096875 0.0828125
0 0.50703125 0.77578125 0.1671875 0.090625
0 0.6609375 0.665625 0.1328125 0.0890625
0 0.4859375 0.7171875 0.146875 0.075
0 0.33828125 0.72734375 0.15625 0.0953125
0 0.42578125 0.575 0.1453125 0.0859375
0 0.65390625 0.5859375 0.1578125 0.0921875
0 0.79453125 0.521875 0.14375 0.09375
0 0.8078125 0.43984375 0.1359375 0.0859375
0 0.584375 0.51875 0.1390625 0.084375
0 0.4140625 0.65390625 0.1546875 0.0875
0 0.27734375 0.63828125 0.14375 0.09375
0 0.2984375 0.56328125 0.14375 0.08125
0 0.04609375 0.51796875 0.0921875 0.0828125
0 0.06171875 0.45078125 0.1234375 0.0859375
0 0.2140625 0.37734375 0.1234375 0.0765625
0 0.34609375 0.34375 0.1234375 0.0828125
0 0.5171875 0.38046875 0.1265625 0.0765625
0 0.66875 0.371875 0.115625 0.0703125
0 0.57265625 0.34921875 0.1125 0.0796875
0 0.70859375 0.43046875 0.128125 0.0765625
0 0.55 0.4421875 0.115625 0.0765625
0 0.4375 0.4234375 0.1265625 0.0640625
0 0.2671875 0.46015625 0.1390625 0.0734375
0 0.10703125 0.35546875 0.1203125 0.0703125