0 0.859375 0.4078125 0.1578125 0.115625
0 0.915625 0.49140625 0.16875 0.1171875
0 0.82421875 0.65 0.1671875 0.115625
0 0.89765625 0.5734375 0.1765625 0.128125
0 0.69765625 0.6390625 0.184375 0.125
0 0.353125 0.78515625 0.15625 0.1078125
0 0.39453125 0.6453125 0.1578125 0.1109375
0 0.553125 0.67265625 0.1671875 0.1203125
0 0.40078125 0.5703125 0.1609375 0.1171875
0 0.27734375 0.446875 0.15625 0.109375
0 0.365625 0.409375 0.146875 0.1
0 0.76015625 0.56640625 0.165625 0.1171875
0 0.61015625 0.584375 0.1625 0.103125
0 0.61015625 0.509375 0.1609375 0.1140625
0 0.753125 0.49140625 0.14375 0.0984375
0 0.4921875 0.48828125 0.15 0.10625
0 0.284375 0.52265625 0.153125 0.109375
0 0.61484375 0.403125 0.146875 0.1
0 0.7265625 0.25859375 0.1484375 0.096875
0 0.56015625 0.32890625 0.153125 0.0890625
0 0.41875 0.340625 0.11875 0.084375
0 0.8703125 0.26484375 0.1515625 0.1
0 0.803125 0.36875 0.1546875 0.1015625
0 0.64453125 0.359375 0.1578125 0.0953125
0 0.88984375 0.3234375 0.1390625 0.0890625
0 0.91640625 0.36796875 0.134375 0.1