0 0.91953125 0.7921875 0.1609375 0.153125
0 0.76640625 0.81796875 0.2046875 0.15
0 0.40859375 0.921875 0.2171875 0.15625
0 0.66953125 0.78515625 0.196875 0.1515625
0 0.81171875 0.6765625 0.1890625 0.1515625
0 0.76171875 0.60859375 0.1828125 0.1453125
0 0.53828125 0.83828125 0.184375 0.1546875
0 0.30859375 0.8890625 0.1984375 0.15625
0 0.428125 0.7984375 0.190625 0.1546875
0 0.1953125 0.9265625 0.15625 0.146875
0 0.2203125 0.834375 0.2078125 0.159375
0 0.56171875 0.7453125 0.175 0.14375
0 0.528125 0.671875 0.190625 0.14375
0 0.93359375 0.6140625 0.1328125 0.15
0 0.8359375 0.49296875 0.15625 0.134375
0 0.7953125 0.42265625 0.1796875 0.14375
0 0.69609375 0.43671875 0.1484375 0.1171875
0 0.62578125 0.56796875 0.1609375 0.1296875
0 0.4984375 0.625 0.1734375 0.1296875
0 0.23125 0.71015625 0.1875 0.14375
0 0.4515625 0.5703125 0.1703125 0.1265625
0 0.271875 0.49453125 0.15 0.1171875
0 0.46640625 0.475 0.146875 0.11875
0 0.14921875 0.57890625 0.1609375 0.121875
0 0.05546875 0.59375 0.1109375 0.1125
0 0.15625 0.64296875 0.1453125 0.1078125
0 0.2734375 0.64453125 0.16875 0.125
0 0.38515625 0.71796875 0.1765625 0.134375
0 0.5328125 0.51015625 0.1640625 0.121875
0 0.6078125 0.396875 0.1296875 0.1046875
0 0.49609375 0.4140625 0.14375 0.1125
0 0.35546875 0.51953125 0.1515625 0.1109375