0 0.56328125 0.153125 0.1296875 0.1859375
0 0.6203125 0.3203125 0.134375 0.20625
0 0.68359375 0.13203125 0.1390625 0.2046875
0 0.771875 0.20546875 0.1390625 0.2296875
0 0.69921875 0.66328125 0.1421875 0.1921875
0 0.74296875 0.7796875 0.1515625 0.2171875
0 0.82578125 0.503125 0.1484375 0.2046875
0 0.81328125 0.34375 0.1609375 0.25
0 0.72578125 0.50703125 0.1484375 0.2046875
0 0.70078125 0.35546875 0.1578125 0.21875
0 0.90703125 0.20078125 0.14375 0.2375
0 0.58515625 0.78515625 0.13125 0.171875
0 0.64140625 0.93828125 0.1359375 0.1234375
0 0.5421875 0.93046875 0.128125 0.1390625
0 0.5046875 0.73125 0.1171875 0.165625
0 0.4078125 0.82109375 0.1265625 0.184375
0 0.31875 0.78046875 0.125 0.1796875
0 0.5375 0.48203125 0.1328125 0.1875
0 0.62421875 0.51015625 0.128125 0.1703125
0 0.61796875 0.6359375 0.1125 0.153125
0 0.43671875 0.378125 0.1171875 0.1828125
0 0.4578125 0.5921875 0.1234375 0.190625
0 0.32734375 0.6671875 0.1109375 0.1578125
0 0.40390625 0.6875 0.1203125 0.178125
0 0.27890625 0.55625 0.1140625 0.15
0 0.32890625 0.39375 0.11875 0.1625
0 0.33125 0.18515625 0.1171875 0.159375
0 0.403125 0.053125 0.103125 0.10625
0 0.496875 0.17734375 0.128125 0.2
0 0.53359375 0.28203125 0.1265625 0.1703125
0 0.50234375 0.43046875 0.11875 0.165625
0 0.5390625 0.071875 0.11875 0.14375
0 0.46953125 0.0625 0.1078125 0.125
0 0.440625 0.1890625 0.1046875 0.178125
0 0.39453125 0.3453125 0.1140625 0.1625
0 0.371875 0.27578125 0.0984375 0.140625
0 0.38671875 0.47578125 0.1 0.1609375