0 0.60546875 0.49140625 0.1984375 0.159375
0 0.66015625 0.71484375 0.2328125 0.1890625
0 0.91640625 0.5609375 0.1671875 0.175
0 0.76171875 0.34140625 0.1859375 0.153125
0 0.87265625 0.70234375 0.225 0.1796875
0 0.80859375 0.41484375 0.2015625 0.1578125
0 0.7375 0.21328125 0.178125 0.1390625
0 0.8671875 0.26484375 0.1671875 0.1359375
0 0.85390625 0.51640625 0.20625 0.1625
0 0.7953125 0.6265625 0.209375 0.1765625
0 0.72578125 0.8234375 0.2296875 0.16875
0 0.58203125 0.81953125 0.2265625 0.184375
0 0.45234375 0.91171875 0.2328125 0.1765625
0 0.259375 0.90625 0.2125 0.178125
0 0.50234375 0.7359375 0.2171875 0.1671875
0 0.34453125 0.75546875 0.1921875 0.153125
0 0.4125 0.82421875 0.203125 0.15625
0 0.134375 0.77421875 0.1453125 0.134375
0 0.328125 0.6671875 0.2 0.16875
0 0.49765625 0.6421875 0.221875 0.1703125
0 0.665625 0.5828125 0.2140625 0.165625
0 0.61640625 0.290625 0.15625 0.128125
0 0.4515625 0.31640625 0.1671875 0.1296875
0 0.2875 0.43984375 0.1625 0.1265625
0 0.19375 0.66328125 0.19375 0.1484375
0 0.34296875 0.521875 0.190625 0.1453125
0 0.5375 0.4515625 0.184375 0.1421875
0 0.1328125 0.48203125 0.1765625 0.1375
0 0.08046875 0.5921875 0.1609375 0.1375
0 0.49609375 0.53671875 0.2015625 0.1546875
0 0.3703125 0.45625 0.1640625 0.125
0 0.5140625 0.40546875 0.171875 0.1328125