0 0.61015625 0.8109375 0.109375 0.15
0 0.6265625 0.5390625 0.109375 0.165625
0 0.78828125 0.79375 0.1171875 0.1859375
0 0.77890625 0.42734375 0.115625 0.1609375
0 0.78828125 0.5625 0.1078125 0.1625
0 0.8265625 0.184375 0.109375 0.1796875
0 0.846875 0.70078125 0.11875 0.178125
0 0.71484375 0.84375 0.10625 0.171875
0 0.73359375 0.66171875 0.1125 0.1765625
0 0.70546875 0.51796875 0.1078125 0.15
0 0.69609375 0.265625 0.1078125 0.1640625
0 0.61875 0.3140625 0.103125 0.1671875
0 0.53359375 0.215625 0.1 0.1515625
0 0.45703125 0.23125 0.1015625 0.1453125
0 0.44765625 0.33046875 0.0875 0.13125
0 0.5578125 0.42109375 0.090625 0.14375
0 0.7 0.390625 0.10625 0.15
0 0.65546875 0.678125 0.1015625 0.1640625
0 0.525 0.58359375 0.090625 0.153125
0 0.4703125 0.8734375 0.0953125 0.14375
0 0.4203125 0.7359375 0.09375 0.125
0 0.43046875 0.54921875 0.09375 0.125
0 0.39921875 0.40859375 0.084375 0.1265625
0 0.3890625 0.5125 0.08125 0.1203125
0 0.484375 0.621875 0.0859375 0.1328125
0 0.4859375 0.49765625 0.08125 0.1265625
0 0.5984375 0.6875 0.0984375 0.134375
0 0.553125 0.7734375 0.0953125 0.1578125
0 0.509375 0.75078125 0.0859375 0.1390625
0 0.52265625 0.86953125 0.0796875 0.146875
0 0.59296875 0.88828125 0.1 0.1484375
0 0.81875 0.3359375 0.1125 0.171875