0 0.37734375 0.19453125 0.1671875 0.2
0 0.53515625 0.28671875 0.178125 0.21875
0 0.45625 0.103125 0.18125 0.20625
0 0.57578125 0.10703125 0.1890625 0.2140625
0 0.8296875 0.50078125 0.18125 0.209375
0 0.921875 0.5609375 0.15625 0.234375
0 0.81953125 0.2890625 0.1859375 0.2171875
0 0.7015625 0.17421875 0.2140625 0.2640625
0 0.74453125 0.36015625 0.1890625 0.21875
0 0.621875 0.259375 0.2015625 0.2359375
0 0.67734375 0.0609375 0.1953125 0.121875
0 0.8234375 0.6734375 0.165625 0.1890625
0 0.9515625 0.7515625 0.096875 0.146875
0 0.884375 0.80390625 0.1359375 0.1359375
0 0.7234375 0.6859375 0.1546875 0.18125
0 0.709375 0.821875 0.165625 0.1984375
0 0.61171875 0.85 0.1625 0.19375
0 0.58046875 0.46875 0.171875 0.203125
0 0.6671875 0.43203125 0.1625 0.1875
0 0.74765625 0.534375 0.14375 0.165625
0 0.43046875 0.45625 0.15625 0.19375
0 0.59296875 0.6078125 0.165625 0.203125
0 0.5421875 0.75546875 0.1453125 0.171875
0 0.615625 0.7203125 0.15625 0.190625
0 0.42890625 0.70234375 0.1421875 0.1640625
0 0.35703125 0.54140625 0.15 0.175
0 0.21796875 0.37734375 0.1484375 0.171875
0 0.16796875 0.20078125 0.14375 0.1765625
0 0.34296875 0.25859375 0.16875 0.209375
0 0.44140625 0.31484375 0.1609375 0.1859375
0 0.51796875 0.45234375 0.153125 0.1796875
0 0.29609375 0.13515625 0.1578125 0.1859375
0 0.23359375 0.17421875 0.140625 0.1671875
0 0.30546875 0.30625 0.14375 0.1875
0 0.3765625 0.45859375 0.146875 0.1734375
0 0.31171875 0.41953125 0.1265625 0.15
0 0.45859375 0.565625 0.134375 0.1703125