0 0.54609375 0.1359375 0.1 0.146875
0 0.61953125 0.4015625 0.1015625 0.1625
0 0.72578125 0.11484375 0.10625 0.1828125
0 0.79453125 0.48046875 0.1078125 0.15625
0 0.775 0.34375 0.0984375 0.159375
0 0.8921875 0.7109375 0.0984375 0.1765625
0 0.80390625 0.1953125 0.1078125 0.175
0 0.64296875 0.0828125 0.0953125 0.165625
0 0.7 0.25703125 0.1015625 0.171875
0 0.70234375 0.40703125 0.1 0.146875
0 0.74609375 0.65859375 0.0984375 0.1625
0 0.659375 0.62578125 0.0953125 0.165625
0 0.5953125 0.7421875 0.09375 0.15
0 0.51640625 0.7421875 0.09375 0.1421875
0 0.48671875 0.64609375 0.0796875 0.1296875
0 0.57578125 0.5328125 0.08125 0.1421875
0 0.7234375 0.53359375 0.096875 0.146875
0 0.61953125 0.25859375 0.0953125 0.1625
0 0.509375 0.37890625 0.08125 0.15
0 0.39453125 0.103125 0.0875 0.1421875
0 0.3734375 0.25078125 0.0859375 0.1203125
0 0.4234375 0.43359375 0.0859375 0.1203125
0 0.421875 0.57890625 0.0765625 0.1265625
0 0.38984375 0.478125 0.0734375 0.11875
0 0.46015625 0.34921875 0.078125 0.1328125
0 0.48984375 0.471875 0.075 0.1265625
0 0.56015625 0.2609375 0.0921875 0.13125
0 0.49765625 0.184375 0.0859375 0.1546875
0 0.459375 0.21640625 0.078125 0.1390625
0 0.44765625 0.09609375 0.071875 0.1453125
0 0.5125 0.06875 0.09375 0.1375
0 0.85234375 0.5625 0.1015625 0.16875