0 0.8421875 0.159375 0.1109375 0.184375
0 0.82578125 0.32890625 0.1046875 0.1875
0 0.84453125 0.6875 0.1203125 0.1984375
0 0.7734375 0.4125 0.1125 0.1765625
0 0.7046875 0.2546875 0.1140625 0.1703125
0 0.6296875 0.28515625 0.109375 0.1625
0 0.79140625 0.54765625 0.1203125 0.1609375
0 0.78515625 0.77265625 0.115625 0.178125
0 0.7296875 0.640625 0.1171875 0.1703125
0 0.796875 0.89765625 0.1203125 0.1515625
0 0.7140625 0.84296875 0.115625 0.1890625
0 0.71015625 0.50390625 0.1109375 0.1578125
0 0.634375 0.5171875 0.10625 0.1734375
0 0.68125 0.10546875 0.1140625 0.1609375
0 0.53984375 0.1890625 0.103125 0.1390625
0 0.4640625 0.21171875 0.1078125 0.159375
0 0.45390625 0.30625 0.0859375 0.1328125
0 0.559375 0.403125 0.096875 0.1453125
0 0.58359375 0.534375 0.0921875 0.1578125
0 0.60078125 0.80390625 0.103125 0.1703125
0 0.521875 0.56484375 0.090625 0.1546875
0 0.409375 0.71484375 0.0875 0.134375
0 0.43671875 0.5296875 0.0890625 0.1296875
0 0.459375 0.85 0.0890625 0.146875
0 0.45078125 0.946875 0.0953125 0.10625
0 0.52109375 0.85703125 0.0796875 0.1328125
0 0.54921875 0.74921875 0.0890625 0.1546875
0 0.64375 0.66171875 0.0984375 0.159375
0 0.484375 0.475 0.0875 0.1484375
0 0.39609375 0.3796875 0.078125 0.1171875
0 0.38671875 0.4875 0.0828125 0.1296875
0 0.45234375 0.64375 0.078125 0.1375