0 0.90625 0.72890625 0.1875 0.1546875
0 0.74609375 0.7671875 0.19375 0.15
0 0.41484375 0.89296875 0.209375 0.1671875
0 0.653125 0.7421875 0.1890625 0.1515625
0 0.7796875 0.62890625 0.18125 0.1515625
0 0.728125 0.56875 0.1765625 0.1453125
0 0.53046875 0.8015625 0.178125 0.1546875
0 0.31640625 0.8640625 0.190625 0.15625
0 0.4234375 0.77109375 0.1828125 0.153125
0 0.20859375 0.91015625 0.15625 0.146875
0 0.228125 0.81796875 0.1984375 0.1609375
0 0.546875 0.7109375 0.16875 0.1421875
0 0.5109375 0.64296875 0.1828125 0.1453125
0 0.91328125 0.56171875 0.1734375 0.15
0 0.79140625 0.45390625 0.1515625 0.1328125
0 0.746875 0.3890625 0.1734375 0.14375
0 0.65390625 0.409375 0.1421875 0.1171875
0 0.59609375 0.5390625 0.15625 0.1296875
0 0.47890625 0.60078125 0.1671875 0.13125
0 0.23046875 0.7 0.1796875 0.14375
0 0.43125 0.55234375 0.1640625 0.128125
0 0.25625 0.4921875 0.14375 0.1171875
0 0.43828125 0.46171875 0.140625 0.11875
0 0.14453125 0.58046875 0.1546875 0.1234375
0 0.05546875 0.60234375 0.1109375 0.1140625
0 0.15546875 0.640625 0.1390625 0.109375
0 0.26640625 0.63515625 0.1609375 0.1265625
0 0.378125 0.696875 0.1703125 0.1375
0 0.50390625 0.490625 0.1578125 0.125
0 0.5671875 0.37734375 0.1234375 0.1046875
0 0.4625 0.4015625 0.1375 0.1125
0 0.3359375 0.5109375 0.14375 0.1109375