0 0.2796875 0.83359375 0.140625 0.1703125
0 0.328125 0.5515625 0.1453125 0.1859375
0 0.1015625 0.775 0.1578125 0.20625
0 0.19765625 0.4015625 0.15 0.18125
0 0.15546875 0.5375 0.1421875 0.18125
0 0.20703125 0.14140625 0.1484375 0.196875
0 0.07109375 0.6640625 0.1421875 0.2
0 0.1703125 0.83046875 0.134375 0.16875
0 0.18828125 0.6515625 0.1484375 0.19375
0 0.2515625 0.5109375 0.140625 0.1703125
0 0.3203125 0.25546875 0.1421875 0.1828125
0 0.3875 0.32421875 0.140625 0.1859375
0 0.49921875 0.2421875 0.1359375 0.171875
0 0.5734375 0.27734375 0.1328125 0.1625
0 0.559375 0.38046875 0.115625 0.146875
0 0.42578125 0.446875 0.1203125 0.159375
0 0.2875 0.38203125 0.1375 0.1703125
0 0.26484375 0.68671875 0.140625 0.1828125
0 0.42109375 0.62109375 0.1234375 0.1671875
0 0.409375 0.92421875 0.125 0.1515625
0 0.4921875 0.8015625 0.11875 0.1421875
0 0.52578125 0.6078125 0.11875 0.1421875
0 0.590625 0.47109375 0.1125 0.1421875
0 0.57734375 0.58046875 0.10625 0.1359375
0 0.45390625 0.6703125 0.1140625 0.1484375
0 0.48046875 0.54296875 0.109375 0.140625
0 0.32109375 0.71015625 0.128125 0.153125
0 0.346875 0.80859375 0.1296875 0.1734375
0 0.396875 0.79609375 0.1171875 0.15625
0 0.3578125 0.9078125 0.1078125 0.15
0 0.2875 0.896875 0.1203125 0.13125
0 0.17890625 0.29921875 0.1484375 0.190625