0 0.6671875 0.21484375 0.121875 0.1421875
0 0.76875 0.215625 0.1546875 0.18125
0 0.853125 0.3546875 0.153125 0.175
0 0.66796875 0.765625 0.1375 0.1640625
0 0.7328125 0.63359375 0.1390625 0.165625
0 0.70078125 0.56796875 0.128125 0.1484375
0 0.765625 0.45625 0.125 0.1390625
0 0.8140625 0.27578125 0.1296875 0.15
0 0.86328125 0.1890625 0.1203125 0.1296875
0 0.725 0.365625 0.1296875 0.15
0 0.5796875 0.68203125 0.1234375 0.14375
0 0.525 0.63984375 0.128125 0.153125
0 0.4140625 0.709375 0.1234375 0.14375
0 0.35390625 0.678125 0.1171875 0.1328125
0 0.37890625 0.5953125 0.1078125 0.1265625
0 0.51015625 0.54140625 0.11875 0.140625
0 0.67578125 0.4859375 0.1359375 0.159375
0 0.615625 0.45 0.128125 0.1546875
0 0.56953125 0.55078125 0.1171875 0.1390625
0 0.6625 0.33359375 0.1296875 0.146875
0 0.6765625 0.07890625 0.1109375 0.1171875
0 0.73671875 0.10703125 0.1 0.1046875
0 0.57265625 0.42734375 0.1140625 0.140625
0 0.528125 0.40078125 0.115625 0.1421875
0 0.6 0.25390625 0.1125 0.1296875
0 0.49609375 0.3671875 0.10625 0.13125
0 0.4328125 0.41328125 0.109375 0.1359375
0 0.4671875 0.46484375 0.10625 0.1234375
0 0.353125 0.52578125 0.0984375 0.11875
0 0.38359375 0.434375 0.09375 0.1078125
0 0.471875 0.253125 0.103125 0.1234375
0 0.559375 0.15234375 0.10625 0.1234375
0 0.58515625 0.059375 0.1078125 0.11875
0 0.6125 0.16015625 0.0984375 0.1171875