0 0.17578125 0.55078125 0.134375 0.0890625
0 0.434375 0.603125 0.1515625 0.0859375
0 0.16796875 0.72421875 0.16875 0.090625
0 0.52109375 0.76484375 0.14375 0.0921875
0 0.38984375 0.75546875 0.146875 0.0828125
0 0.74765625 0.84296875 0.1609375 0.084375
0 0.25 0.79296875 0.1625 0.09375
0 0.13046875 0.646875 0.15625 0.0828125
0 0.30234375 0.68984375 0.159375 0.0890625
0 0.44453125 0.68203125 0.134375 0.0859375
0 0.6875 0.70703125 0.1484375 0.084375
0 0.65078125 0.6265625 0.153125 0.0796875
0 0.7578125 0.5578125 0.1375 0.0796875
0 0.75234375 0.48203125 0.1296875 0.08125
0 0.65859375 0.46015625 0.11875 0.06875
0 0.55703125 0.553125 0.1328125 0.0671875
0 0.5671875 0.69375 0.134375 0.084375
0 0.29765625 0.6125 0.1515625 0.0796875
0 0.40546875 0.5 0.1390625 0.06875
0 0.13515625 0.40859375 0.1328125 0.0765625
0 0.2734375 0.37890625 0.1109375 0.0765625
0 0.4515625 0.4140625 0.1109375 0.0765625
0 0.590625 0.403125 0.115625 0.0671875
0 0.4921875 0.37890625 0.109375 0.0625
0 0.37421875 0.45546875 0.1234375 0.065625
0 0.49296875 0.475 0.115625 0.0640625
0 0.29609375 0.55625 0.1203125 0.0796875
0 0.21953125 0.5015625 0.14375 0.0734375
0 0.246875 0.4625 0.1265625 0.0671875
0 0.13203125 0.459375 0.134375 0.0609375
0 0.10390625 0.52421875 0.134375 0.0796875
0 0.603125 0.81484375 0.15625 0.0890625