0 0.38671875 0.8453125 0.1953125 0.1125
0 0.21328125 0.84140625 0.1734375 0.09375
0 0.7171875 0.84453125 0.178125 0.1171875
0 0.78828125 0.7703125 0.171875 0.1015625
0 0.9171875 0.77265625 0.1359375 0.103125
0 0.5828125 0.8046875 0.1515625 0.103125
0 0.43515625 0.78671875 0.175 0.0953125
0 0.1453125 0.7015625 0.14375 0.109375
0 0.27578125 0.71171875 0.15625 0.0984375
0 0.303125 0.63203125 0.159375 0.1015625
0 0.20078125 0.4765625 0.1375 0.096875
0 0.5359375 0.6421875 0.15625 0.1015625
0 0.66953125 0.7171875 0.1515625 0.1
0 0.528125 0.7203125 0.15625 0.096875
0 0.853125 0.69375 0.165625 0.1015625
0 0.675 0.640625 0.1515625 0.0953125
0 0.81328125 0.58828125 0.159375 0.0953125
0 0.95078125 0.5375 0.0984375 0.0859375
0 0.9515625 0.4296875 0.096875 0.084375
0 0.846875 0.45 0.1453125 0.084375
0 0.7125 0.4015625 0.1265625 0.0828125
0 0.5671875 0.52734375 0.153125 0.0890625
0 0.403125 0.56953125 0.146875 0.0875
0 0.5453125 0.57734375 0.1578125 0.0890625
0 0.7546875 0.5359375 0.146875 0.0765625
0 0.5984375 0.48046875 0.125 0.071875
0 0.19765625 0.55859375 0.14375 0.096875
0 0.31328125 0.465625 0.134375 0.0875
0 0.52890625 0.4375 0.1140625 0.0828125
0 0.38046875 0.409375 0.1203125 0.0828125
0 0.484375 0.3921875 0.125 0.075
0 0.4828125 0.49375 0.1453125 0.0703125