0 0.4359375 0.1671875 0.1046875 0.1375
0 0.5984375 0.10703125 0.128125 0.184375
0 0.68359375 0.1546875 0.1328125 0.178125
0 0.7171875 0.4171875 0.109375 0.1578125
0 0.78125 0.4515625 0.1125 0.1828125
0 0.68828125 0.2875 0.1171875 0.1625
0 0.5625 0.0375 0.109375 0.075
0 0.51015625 0.0890625 0.1203125 0.1578125
0 0.71171875 0.58828125 0.1203125 0.1546875
0 0.640625 0.37578125 0.1203125 0.1765625
0 0.5890625 0.2359375 0.125 0.165625
0 0.634375 0.59140625 0.1125 0.159375
0 0.5671875 0.3828125 0.109375 0.146875
0 0.515625 0.2546875 0.1125 0.159375
0 0.41484375 0.04140625 0.0953125 0.0828125
0 0.35078125 0.06328125 0.0984375 0.0984375
0 0.60078125 0.71953125 0.1078125 0.153125
0 0.54609375 0.52578125 0.1046875 0.153125
0 0.5328125 0.7390625 0.096875 0.1390625
0 0.48984375 0.64765625 0.096875 0.1296875
0 0.51875 0.4046875 0.103125 0.1484375
0 0.45859375 0.39765625 0.0875 0.1390625
0 0.409375 0.2375 0.090625 0.121875
0 0.4125 0.3890625 0.084375 0.1265625
0 0.46328125 0.5015625 0.09375 0.128125
0 0.396875 0.475 0.090625 0.1359375
0 0.30859375 0.190625 0.0875 0.1265625
0 0.3125 0.31484375 0.096875 0.134375
0 0.2609375 0.0984375 0.0890625 0.1140625
0 0.37734375 0.51953125 0.0796875 0.1109375
0 0.42265625 0.6140625 0.0921875 0.128125