0 0.54375 0.2625 0.0671875 0.1203125
0 0.56171875 0.48515625 0.0609375 0.109375
0 0.32109375 0.24609375 0.078125 0.1375
0 0.39375 0.2125 0.0671875 0.13125
0 0.465625 0.1984375 0.06875 0.134375
0 0.4734375 0.07109375 0.0640625 0.1171875
0 0.403125 0.1078125 0.06875 0.1265625
0 0.2828125 0.5265625 0.071875 0.1453125
0 0.37265625 0.671875 0.071875 0.115625
0 0.3375 0.51171875 0.059375 0.128125
0 0.3375 0.378125 0.075 0.1359375
0 0.46875 0.46640625 0.06875 0.1265625
0 0.44453125 0.6703125 0.0734375 0.1375
0 0.49296875 0.80078125 0.075 0.1234375
0 0.565625 0.8171875 0.06875 0.11875
0 0.509375 0.61171875 0.0671875 0.121875
0 0.3984375 0.45078125 0.06875 0.1359375
0 0.42109375 0.32890625 0.0765625 0.1234375
0 0.48671875 0.35234375 0.065625 0.125
0 0.54453125 0.11015625 0.06875 0.11875
0 0.603125 0.14375 0.06875 0.1171875
0 0.659375 0.28828125 0.0625 0.1078125
0 0.68125 0.40859375 0.0671875 0.1078125
0 0.6375 0.5609375 0.0625 0.109375
0 0.6359375 0.696875 0.05625 0.1
0 0.66171875 0.61171875 0.065625 0.096875
0 0.58046875 0.7296875 0.0609375 0.1109375
0 0.5796875 0.5859375 0.0625 0.1
0 0.60390625 0.4859375 0.05 0.1109375
0 0.58203125 0.33046875 0.0578125 0.1203125
0 0.64765625 0.0484375 0.059375 0.096875
0 0.6859375 0.19375 0.05625 0.103125