0 0.46953125 0.740625 0.0765625 0.115625
0 0.4734375 0.89375 0.071875 0.1109375
0 0.5515625 0.81328125 0.075 0.13125
0 0.5421875 0.9328125 0.075 0.125
0 0.68984375 0.73984375 0.0859375 0.13125
0 0.61640625 0.778125 0.0765625 0.1390625
0 0.62890625 0.32734375 0.084375 0.1375
0 0.72265625 0.45390625 0.071875 0.15625
0 0.43515625 0.19296875 0.071875 0.128125
0 0.50546875 0.2 0.0703125 0.13125
0 0.55625 0.32421875 0.071875 0.1390625
0 0.5375 0.528125 0.078125 0.134375
0 0.60546875 0.54375 0.078125 0.134375
0 0.58671875 0.67265625 0.0765625 0.1375
0 0.66953125 0.61328125 0.0875 0.14375
0 0.66875 0.47109375 0.065625 0.13125
0 0.61484375 0.88984375 0.078125 0.1375
0 0.52109375 0.64609375 0.0703125 0.1390625
0 0.4984375 0.396875 0.06875 0.128125
0 0.41640625 0.28359375 0.065625 0.109375
0 0.44609375 0.52578125 0.059375 0.1203125
0 0.32578125 0.60546875 0.06875 0.1125
0 0.34921875 0.7265625 0.065625 0.1203125
0 0.4125 0.86953125 0.06875 0.128125
0 0.43125 0.68046875 0.065625 0.1296875
0 0.32578125 0.83203125 0.06875 0.109375
0 0.37265625 0.44921875 0.06875 0.1109375
0 0.4 0.53046875 0.053125 0.1296875
0 0.42421875 0.43046875 0.0546875 0.1296875
0 0.36953125 0.3171875 0.05625 0.115625
0 0.3421875 0.40546875 0.059375 0.096875
0 0.48125 0.2859375 0.0640625 0.1125
0 0.74140625 0.303125 0.06875 0.14375