0 0.71796875 0.27890625 0.1671875 0.1984375
0 0.64609375 0.13359375 0.14375 0.175
0 0.84765625 0.55859375 0.1625 0.1859375
0 0.81328125 0.646875 0.1484375 0.1765625
0 0.86875 0.75859375 0.140625 0.1578125
0 0.7609375 0.4609375 0.1421875 0.159375
0 0.68828125 0.34296875 0.14375 0.175
0 0.5015625 0.13203125 0.14375 0.1578125
0 0.5609375 0.23828125 0.1390625 0.1625
0 0.50546875 0.2921875 0.1421875 0.1640625
0 0.334375 0.2671875 0.1296875 0.1453125
0 0.60625 0.48515625 0.1421875 0.1640625
0 0.72109375 0.56796875 0.1390625 0.1578125
0 0.66875 0.44765625 0.1390625 0.1625
0 0.77421875 0.73203125 0.1453125 0.16875
0 0.659375 0.60234375 0.1359375 0.15625
0 0.66953125 0.7390625 0.1359375 0.1609375
0 0.68984375 0.89296875 0.128125 0.1484375
0 0.596875 0.93125 0.1171875 0.1328125
0 0.565625 0.82265625 0.1234375 0.1484375
0 0.471875 0.728125 0.1140625 0.13125
0 0.52109375 0.55546875 0.1296875 0.1546875
0 0.49140625 0.40078125 0.1265625 0.15
0 0.5546875 0.51796875 0.13125 0.1578125
0 0.6015625 0.7109375 0.11875 0.1453125
0 0.49453125 0.6015625 0.10625 0.1265625
0 0.4015625 0.2328125 0.1328125 0.1515625
0 0.36953125 0.36640625 0.121875 0.1421875
0 0.43046875 0.559375 0.109375 0.1234375
0 0.34765625 0.44453125 0.1109375 0.1265625
0 0.37421875 0.5390625 0.109375 0.128125
0 0.46015625 0.49921875 0.1125 0.1421875