0 0.55078125 0.82421875 0.0875 0.134375
0 0.603125 0.565625 0.0859375 0.15
0 0.72421875 0.83203125 0.090625 0.16875
0 0.76484375 0.47890625 0.0921875 0.14375
0 0.75546875 0.61015625 0.084375 0.146875
0 0.84296875 0.25234375 0.084375 0.1625
0 0.79296875 0.75 0.09375 0.1609375
0 0.646875 0.86953125 0.08125 0.15625
0 0.68984375 0.69765625 0.0875 0.159375
0 0.68203125 0.55546875 0.0859375 0.134375
0 0.70703125 0.3125 0.084375 0.1484375
0 0.6265625 0.34921875 0.0796875 0.153125
0 0.5578125 0.2421875 0.0796875 0.1375
0 0.48203125 0.24765625 0.08125 0.1296875
0 0.46015625 0.34140625 0.06875 0.11875
0 0.553125 0.44296875 0.06875 0.13125
0 0.69375 0.4328125 0.084375 0.134375
0 0.6125 0.70234375 0.0796875 0.15
0 0.5 0.59453125 0.06875 0.1390625
0 0.40859375 0.86484375 0.075 0.13125
0 0.37890625 0.7265625 0.075 0.1109375
0 0.4140625 0.5484375 0.075 0.1109375
0 0.403125 0.409375 0.065625 0.115625
0 0.37890625 0.5078125 0.0625 0.109375
0 0.45546875 0.62578125 0.065625 0.121875
0 0.475 0.50703125 0.0640625 0.115625
0 0.55625 0.70390625 0.0796875 0.1203125
0 0.5015625 0.78046875 0.071875 0.14375
0 0.4625 0.753125 0.065625 0.128125
0 0.459375 0.86796875 0.059375 0.134375
0 0.52421875 0.89609375 0.0796875 0.134375
0 0.81484375 0.396875 0.0875 0.15625