0 0.190625 0.5015625 0.11875 0.06875
0 0.14375 0.5875 0.153125 0.0859375
0 0.221875 0.72421875 0.14375 0.0890625
0 0.65703125 0.7609375 0.1390625 0.0765625
0 0.51484375 0.75390625 0.140625 0.0765625
0 0.47421875 0.69609375 0.125 0.071875
0 0.34921875 0.6984375 0.1109375 0.075
0 0.1734375 0.65390625 0.125 0.075
0 0.0671875 0.65546875 0.1203125 0.0796875
0 0.29140625 0.621875 0.125 0.0765625
0 0.62734375 0.646875 0.1203125 0.06875
0 0.61796875 0.58046875 0.1296875 0.0703125
0 0.72890625 0.51953125 0.1203125 0.0703125
0 0.73046875 0.45390625 0.109375 0.06875
0 0.6484375 0.4359375 0.10625 0.0609375
0 0.54140625 0.521875 0.1203125 0.0640625
0 0.41640625 0.6359375 0.134375 0.0765625
0 0.4140625 0.56796875 0.134375 0.0671875
0 0.521875 0.5765625 0.11875 0.0625
0 0.29375 0.55390625 0.1203125 0.075
0 0.059375 0.44609375 0.1140625 0.071875
0 0.053125 0.51015625 0.10625 0.065625
0 0.415625 0.52109375 0.1234375 0.0578125
0 0.41328125 0.47109375 0.1234375 0.059375
0 0.25546875 0.4625 0.109375 0.0625
0 0.40078125 0.428125 0.115625 0.0546875
0 0.46953125 0.39609375 0.1203125 0.0546875
0 0.496875 0.45 0.1046875 0.059375
0 0.6015625 0.38125 0.1015625 0.053125
0 0.51015625 0.3640625 0.090625 0.053125
0 0.31484375 0.35390625 0.10625 0.05625
0 0.18828125 0.38125 0.103125 0.0609375
0 0.09453125 0.35859375 0.10625 0.0609375
0 0.1703125 0.4296875 0.1 0.0546875