0 0.58671875 0.14140625 0.10625 0.1515625
0 0.61796875 0.4203125 0.1046875 0.1671875
0 0.77109375 0.15 0.1125 0.1875
0 0.78203125 0.52734375 0.109375 0.1609375
0 0.784375 0.3875 0.103125 0.1640625
0 0.84375 0.77421875 0.1046875 0.18125
0 0.83671875 0.2421875 0.1140625 0.1796875
0 0.69296875 0.103125 0.1015625 0.171875
0 0.72265625 0.2890625 0.1078125 0.1765625
0 0.7015625 0.43828125 0.103125 0.1515625
0 0.70546875 0.6984375 0.1046875 0.165625
0 0.6234375 0.6515625 0.0984375 0.16875
0 0.540625 0.75859375 0.096875 0.153125
0 0.4609375 0.74609375 0.0984375 0.1453125
0 0.446875 0.64453125 0.084375 0.1328125
0 0.55390625 0.5453125 0.0859375 0.146875
0 0.70234375 0.56953125 0.103125 0.1515625
0 0.64140625 0.2765625 0.0984375 0.165625
0 0.51171875 0.38046875 0.0859375 0.153125
0 0.440625 0.08515625 0.0921875 0.146875
0 0.39609375 0.22890625 0.0890625 0.125
0 0.41640625 0.42109375 0.0890625 0.125
0 0.3921875 0.5671875 0.0796875 0.128125
0 0.37578125 0.4609375 0.075 0.1203125
0 0.46796875 0.34296875 0.0796875 0.1359375
0 0.47734375 0.4703125 0.0796875 0.128125
0 0.58203125 0.26953125 0.0953125 0.134375
0 0.53046875 0.18359375 0.0890625 0.159375
0 0.48671875 0.20859375 0.0796875 0.1421875
0 0.49453125 0.08671875 0.0765625 0.1484375
0 0.56484375 0.06953125 0.0953125 0.1375
0 0.82734375 0.61875 0.1078125 0.175