0 0.83671875 0.36015625 0.175 0.140625
0 0.846875 0.2515625 0.1953125 0.146875
0 0.67265625 0.159375 0.184375 0.1421875
0 0.78203125 0.18984375 0.196875 0.1578125
0 0.5640625 0.2390625 0.2015625 0.1546875
0 0.17265625 0.29453125 0.171875 0.134375
0 0.2859375 0.3984375 0.1734375 0.1359375
0 0.41484375 0.28671875 0.1859375 0.1453125
0 0.33203125 0.46328125 0.1765625 0.1421875
0 0.2875 0.6421875 0.171875 0.134375
0 0.38828125 0.628125 0.159375 0.121875
0 0.6609375 0.27109375 0.1828125 0.14375
0 0.51484375 0.3359375 0.1765625 0.128125
0 0.55546875 0.403125 0.175 0.1390625
0 0.6953125 0.3421875 0.159375 0.121875
0 0.459375 0.4875 0.165625 0.13125
0 0.253125 0.56875 0.16875 0.134375
0 0.61796875 0.49765625 0.159375 0.121875
0 0.7984375 0.56796875 0.1609375 0.121875
0 0.6078125 0.5953125 0.165625 0.1140625
0 0.4734375 0.6609375 0.1296875 0.10625
0 0.921875 0.48359375 0.15625 0.1234375
0 0.80703125 0.4265625 0.16875 0.125
0 0.66796875 0.52109375 0.16875 0.1203125
0 0.9109375 0.4203125 0.153125 0.1109375
0 0.91015625 0.36484375 0.15 0.1203125