0 0.38671875 0.53125 0.1671875 0.096875
0 0.41796875 0.7484375 0.1921875 0.115625
0 0.1171875 0.71328125 0.1734375 0.109375
0 0.19453125 0.4546875 0.153125 0.0953125
0 0.22578125 0.81328125 0.1875 0.1078125
0 0.1796875 0.53671875 0.16875 0.09375
0 0.17109375 0.33359375 0.1484375 0.084375
0 0.071875 0.4234375 0.14375 0.0859375
0 0.17578125 0.6421875 0.171875 0.096875
0 0.2671875 0.71875 0.16875 0.1125
0 0.3984375 0.86796875 0.2 0.0921875
0 0.52421875 0.8125 0.1875 0.1125
0 0.67265625 0.8515625 0.196875 0.1078125
0 0.840625 0.775 0.171875 0.1125
0 0.56484375 0.7109375 0.184375 0.096875
0 0.71171875 0.671875 0.159375 0.09375
0 0.67578125 0.75703125 0.171875 0.090625
0 0.92421875 0.61328125 0.1515625 0.0921875
0 0.69453125 0.58828125 0.1609375 0.10625
0 0.5359375 0.6265625 0.1875 0.0984375
0 0.365625 0.634375 0.18125 0.0984375
0 0.3046875 0.3578125 0.128125 0.0796875
0 0.459375 0.321875 0.1421875 0.078125
0 0.64921875 0.37265625 0.1375 0.0765625
0 0.81171875 0.53671875 0.1640625 0.0859375
0 0.6296875 0.46484375 0.1609375 0.084375
0 0.43203125 0.47265625 0.15625 0.084375
0 0.80078125 0.3546875 0.1484375 0.0828125
0 0.90078125 0.43125 0.1578125 0.084375
0 0.49921875 0.5328125 0.16875 0.0921875
0 0.58203125 0.41640625 0.1421875 0.0734375
0 0.43671875 0.4234375 0.146875 0.078125