0 0.53046875 0.259375 0.0765625 0.115625
0 0.5265625 0.10625 0.071875 0.1109375
0 0.4484375 0.18671875 0.075 0.13125
0 0.4578125 0.0671875 0.075 0.125
0 0.31015625 0.26015625 0.0859375 0.13125
0 0.38359375 0.221875 0.0765625 0.1390625
0 0.37109375 0.67265625 0.084375 0.1375
0 0.27734375 0.54609375 0.071875 0.15625
0 0.56484375 0.80703125 0.071875 0.128125
0 0.49453125 0.8 0.0703125 0.13125
0 0.44375 0.67578125 0.071875 0.1390625
0 0.4625 0.471875 0.078125 0.134375
0 0.39453125 0.45625 0.078125 0.134375
0 0.41328125 0.32734375 0.0765625 0.1375
0 0.33046875 0.38671875 0.0875 0.14375
0 0.33125 0.52890625 0.065625 0.13125
0 0.38515625 0.11015625 0.078125 0.1375
0 0.47890625 0.35390625 0.0703125 0.1390625
0 0.5015625 0.603125 0.06875 0.128125
0 0.58359375 0.71640625 0.065625 0.109375
0 0.55390625 0.47421875 0.059375 0.1203125
0 0.67421875 0.39453125 0.06875 0.1125
0 0.65078125 0.2734375 0.065625 0.1203125
0 0.5875 0.13046875 0.06875 0.128125
0 0.56875 0.31953125 0.065625 0.1296875
0 0.67421875 0.16796875 0.06875 0.109375
0 0.62734375 0.55078125 0.06875 0.1109375
0 0.6 0.46953125 0.053125 0.1296875
0 0.57578125 0.56953125 0.0546875 0.1296875
0 0.63046875 0.6828125 0.05625 0.115625
0 0.6578125 0.59453125 0.059375 0.096875
0 0.51875 0.7140625 0.0640625 0.1125
0 0.25859375 0.696875 0.06875 0.14375