0 0.6046875 0.5125 0.1796875 0.109375
0 0.5796875 0.74609375 0.209375 0.13125
0 0.8984375 0.696875 0.1890625 0.1234375
0 0.80703125 0.42421875 0.165625 0.1078125
0 0.78671875 0.80703125 0.2046875 0.121875
0 0.82578125 0.5109375 0.1828125 0.10625
0 0.82734375 0.29375 0.1625 0.096875
0 0.928125 0.38828125 0.1390625 0.0953125
0 0.83359375 0.6234375 0.1875 0.109375
0 0.7390625 0.7078125 0.184375 0.1265625
0 0.6046875 0.87265625 0.215625 0.10625
0 0.46875 0.81796875 0.2046875 0.1265625
0 0.31171875 0.865625 0.2125 0.121875
0 0.13046875 0.78984375 0.1890625 0.1265625
0 0.42109375 0.71171875 0.2 0.109375
0 0.2640625 0.675 0.1734375 0.10625
0 0.30546875 0.76484375 0.1875 0.103125
0 0.06015625 0.61953125 0.115625 0.1015625
0 0.27890625 0.58515625 0.1765625 0.11875
0 0.44921875 0.61953125 0.203125 0.1125
0 0.63125 0.621875 0.196875 0.109375
0 0.68515625 0.32578125 0.140625 0.0921875
0 0.51953125 0.2921875 0.153125 0.0890625
0 0.31875 0.35390625 0.15 0.084375
0 0.1515625 0.53515625 0.178125 0.096875
0 0.34375 0.4515625 0.1765625 0.096875
0 0.55390625 0.45234375 0.16875 0.096875
0 0.15703125 0.33984375 0.1625 0.09375
0 0.06953125 0.42421875 0.1390625 0.0953125
0 0.48515625 0.51875 0.1828125 0.103125
0 0.3921875 0.3984375 0.153125 0.08125
0 0.54765625 0.4 0.159375 0.0890625