0 0.79453125 0.58359375 0.0984375 0.1828125
0 0.79921875 0.75 0.08125 0.1625
0 0.77734375 0.26875 0.103125 0.1671875
0 0.703125 0.20390625 0.090625 0.159375
0 0.69921875 0.0765625 0.0921875 0.1359375
0 0.74609375 0.3984375 0.0953125 0.140625
0 0.7359375 0.53984375 0.084375 0.1625
0 0.66953125 0.82109375 0.096875 0.134375
0 0.67265625 0.69609375 0.0875 0.1453125
0 0.5953125 0.67421875 0.090625 0.146875
0 0.45234375 0.77890625 0.0859375 0.1265625
0 0.59375 0.45078125 0.090625 0.1453125
0 0.6578125 0.3203125 0.090625 0.140625
0 0.66875 0.4546875 0.084375 0.1453125
0 0.62734375 0.146875 0.090625 0.153125
0 0.58515625 0.31953125 0.084375 0.140625
0 0.52890625 0.190625 0.084375 0.1484375
0 0.47265625 0.053125 0.0765625 0.10625
0 0.37109375 0.0546875 0.0765625 0.109375
0 0.39453125 0.165625 0.0734375 0.1359375
0 0.35546875 0.2953125 0.0734375 0.1203125
0 0.4828125 0.428125 0.078125 0.14375
0 0.53046875 0.58203125 0.078125 0.1390625
0 0.53125 0.44609375 0.078125 0.146875
0 0.48125 0.24921875 0.0671875 0.1359375
0 0.4359375 0.4 0.0640625 0.1171875
0 0.53046875 0.778125 0.0859375 0.1328125
0 0.43671875 0.67265625 0.0765625 0.1265625
0 0.39921875 0.46875 0.0734375 0.10625
0 0.37890625 0.61171875 0.0734375 0.1109375
0 0.3578125 0.5140625 0.0671875 0.1171875
0 0.4546875 0.50859375 0.0625 0.1390625