0 0.62265625 0.21875 0.109375 0.1625
0 0.82578125 0.70859375 0.125 0.19375
0 0.8078125 0.87421875 0.1171875 0.165625
0 0.8703125 0.3515625 0.1328125 0.2
0 0.79921875 0.26328125 0.1203125 0.184375
0 0.80390625 0.48125 0.11875 0.178125
0 0.7734375 0.6453125 0.125 0.1890625
0 0.6828125 0.796875 0.11875 0.1765625
0 0.6078125 0.74375 0.1125 0.1796875
0 0.71796875 0.53125 0.1140625 0.175
0 0.73203125 0.38203125 0.125 0.171875
0 0.73359375 0.19296875 0.128125 0.18125
0 0.63984375 0.509375 0.109375 0.1640625
0 0.65390625 0.36875 0.1125 0.1546875
0 0.6609375 0.06640625 0.10625 0.1046875
0 0.58515625 0.06328125 0.1046875 0.125
0 0.5140625 0.8421875 0.1125 0.1546875
0 0.55390625 0.63125 0.1125 0.1546875
0 0.58046875 0.49453125 0.1015625 0.1515625
0 0.56015625 0.26875 0.1 0.1609375
0 0.52578125 0.46484375 0.1 0.1484375
0 0.43203125 0.8265625 0.1046875 0.15625
0 0.42578125 0.7140625 0.0921875 0.1421875
0 0.4828125 0.5453125 0.0921875 0.1328125
0 0.478125 0.41796875 0.0890625 0.15
0 0.4765625 0.1640625 0.1015625 0.1515625
0 0.4734375 0.05390625 0.09375 0.1078125
0 0.415625 0.30078125 0.10625 0.1640625
0 0.4265625 0.49375 0.103125 0.14375
0 0.37265625 0.5234375 0.090625 0.1296875
0 0.38515625 0.6359375 0.090625 0.1296875