0 0.225 0.3171875 0.159375 0.2078125
0 0.28046875 0.1578125 0.1375 0.1828125
0 0.1265625 0.621875 0.15625 0.19375
0 0.17421875 0.71015625 0.1421875 0.18125
0 0.13359375 0.82578125 0.13125 0.146875
0 0.20390625 0.51015625 0.1375 0.165625
0 0.2640625 0.3796875 0.1375 0.1828125
0 0.4296875 0.1375 0.140625 0.1609375
0 0.38125 0.2546875 0.1328125 0.1671875
0 0.446875 0.303125 0.1359375 0.16875
0 0.6203125 0.25625 0.1265625 0.15
0 0.3671875 0.51640625 0.1359375 0.16875
0 0.25859375 0.61640625 0.134375 0.1625
0 0.296875 0.48515625 0.1328125 0.1671875
0 0.22421875 0.7921875 0.1390625 0.175
0 0.32734375 0.64453125 0.13125 0.1625
0 0.33359375 0.7875 0.1296875 0.1671875
0 0.340625 0.92734375 0.1046875 0.1109375
0 0.43828125 0.95390625 0.1046875 0.0921875
0 0.4515625 0.859375 0.1171875 0.153125
0 0.53671875 0.75078125 0.1109375 0.1375
0 0.4640625 0.578125 0.1234375 0.1609375
0 0.475 0.41484375 0.1203125 0.15625
0 0.42421875 0.54375 0.125 0.1640625
0 0.4 0.7484375 0.1125 0.1515625
0 0.49765625 0.621875 0.1015625 0.13125
0 0.5453125 0.22890625 0.128125 0.15625
0 0.596875 0.36328125 0.1171875 0.1453125
0 0.55859375 0.57109375 0.10625 0.125
0 0.62890625 0.44140625 0.109375 0.13125
0 0.61328125 0.5421875 0.1046875 0.13125
0 0.51953125 0.51171875 0.10625 0.15