0 0.5796875 0.8 0.103125 0.140625
0 0.68046875 0.821875 0.13125 0.18125
0 0.796875 0.703125 0.13125 0.171875
0 0.70703125 0.2515625 0.11875 0.1640625
0 0.74140625 0.39765625 0.11875 0.165625
0 0.69453125 0.45546875 0.1078125 0.146875
0 0.7328125 0.58203125 0.1078125 0.134375
0 0.73828125 0.77265625 0.1109375 0.1484375
0 0.77109375 0.87890625 0.1140625 0.140625
0 0.671875 0.6625 0.1140625 0.1484375
0 0.6 0.31484375 0.1046875 0.14375
0 0.534375 0.34296875 0.109375 0.153125
0 0.440625 0.24765625 0.1078125 0.14375
0 0.3734375 0.265625 0.1015625 0.13125
0 0.3796875 0.35390625 0.0921875 0.1265625
0 0.49765625 0.43828125 0.1015625 0.1421875
0 0.65 0.53203125 0.1171875 0.159375
0 0.58125 0.55390625 0.1078125 0.15625
0 0.55859375 0.44140625 0.096875 0.1375
0 0.60234375 0.68046875 0.1109375 0.1453125
0 0.559375 0.940625 0.103125 0.11875
0 0.625 0.93203125 0.0953125 0.115625
0 0.53359375 0.565625 0.0953125 0.1421875
0 0.4828125 0.5828125 0.096875 0.14375
0 0.52109375 0.7453125 0.0953125 0.1296875
0 0.44296875 0.6078125 0.0890625 0.1328125
0 0.390625 0.54765625 0.090625 0.1390625
0 0.4375 0.50390625 0.090625 0.1234375
0 0.3375 0.41796875 0.0828125 0.1171875
0 0.346875 0.515625 0.08125 0.109375
0 0.39296875 0.71640625 0.0875 0.125
0 0.4578125 0.8375 0.0921875 0.1234375
0 0.46171875 0.9375 0.0921875 0.125
0 0.51171875 0.8421875 0.084375 0.11875