0 0.46875 0.38671875 0.096875 0.165625
0 0.2515625 0.41796875 0.115625 0.1921875
0 0.28671875 0.1171875 0.109375 0.1734375
0 0.5453125 0.19453125 0.0953125 0.153125
0 0.18671875 0.22578125 0.1078125 0.1875
0 0.46328125 0.1796875 0.09375 0.16875
0 0.66640625 0.17109375 0.084375 0.1484375
0 0.5765625 0.071875 0.0859375 0.14375
0 0.3578125 0.17578125 0.096875 0.171875
0 0.28125 0.2671875 0.1125 0.16875
0 0.13203125 0.3984375 0.0921875 0.2
0 0.1875 0.52421875 0.1125 0.1875
0 0.1484375 0.67265625 0.10625 0.196875
0 0.225 0.840625 0.1125 0.171875
0 0.2890625 0.56484375 0.096875 0.184375
0 0.328125 0.71171875 0.09375 0.159375
0 0.24296875 0.67578125 0.090625 0.171875
0 0.38671875 0.92421875 0.0921875 0.1515625
0 0.41171875 0.69453125 0.10625 0.1625
0 0.3734375 0.5359375 0.1 0.1875
0 0.365625 0.365625 0.096875 0.18125
0 0.6421875 0.3046875 0.08125 0.128125
0 0.678125 0.459375 0.078125 0.140625
0 0.62734375 0.64921875 0.075 0.1375
0 0.46328125 0.81171875 0.0859375 0.1640625
0 0.53515625 0.6296875 0.084375 0.1625
0 0.52734375 0.43203125 0.084375 0.15625
0 0.6453125 0.80078125 0.08125 0.1484375
0 0.56875 0.90078125 0.084375 0.15625
0 0.4671875 0.49921875 0.090625 0.16875
0 0.58359375 0.58203125 0.071875 0.140625
0 0.5765625 0.43671875 0.078125 0.146875