0 0.4453125 0.1421875 0.1125 0.1546875
0 0.34765625 0.1171875 0.1140625 0.175
0 0.23828125 0.2625 0.1109375 0.1640625
0 0.28203125 0.1671875 0.1265625 0.175
0 0.29453125 0.37421875 0.1234375 0.18125
0 0.2890625 0.740625 0.10625 0.153125
0 0.40078125 0.65234375 0.10625 0.153125
0 0.3171875 0.51796875 0.1140625 0.1640625
0 0.46640625 0.61953125 0.1125 0.15625
0 0.6234375 0.6859375 0.10625 0.1515625
0 0.62578125 0.59140625 0.0953125 0.1421875
0 0.33828125 0.290625 0.1140625 0.1625
0 0.3765625 0.434375 0.0984375 0.159375
0 0.44453125 0.40546875 0.109375 0.15625
0 0.409375 0.26953125 0.0953125 0.140625
0 0.5078125 0.50546875 0.1046875 0.1453125
0 0.55234375 0.70625 0.10625 0.1484375
0 0.53984375 0.3625 0.0953125 0.1421875
0 0.63046875 0.2078125 0.0953125 0.14375
0 0.62734375 0.3859375 0.0875 0.15
0 0.66875 0.51796875 0.084375 0.115625
0 0.571875 0.0796875 0.096875 0.146875
0 0.50234375 0.17890625 0.096875 0.1515625
0 0.56953125 0.31953125 0.0921875 0.1515625
0 0.5109375 0.0828125 0.0859375 0.1359375
0 0.4609375 0.075 0.096875 0.1328125