0 0.88828125 0.59140625 0.1609375 0.109375
0 0.92578125 0.496875 0.1484375 0.10625
0 0.828125 0.3390625 0.171875 0.109375
0 0.9109375 0.41328125 0.178125 0.1234375
0 0.6953125 0.3625 0.1875 0.11875
0 0.31953125 0.240625 0.159375 0.103125
0 0.37578125 0.384375 0.159375 0.1046875
0 0.54140625 0.33984375 0.171875 0.1125
0 0.3890625 0.4625 0.1625 0.1109375
0 0.2703125 0.60390625 0.1578125 0.1046875
0 0.3671875 0.63515625 0.1484375 0.0921875
0 0.76875 0.43359375 0.16875 0.1109375
0 0.60859375 0.428125 0.1671875 0.09375
0 0.61640625 0.50703125 0.1625 0.1078125
0 0.76796875 0.51328125 0.1484375 0.0921875
0 0.49375 0.53984375 0.1515625 0.1015625
0 0.271875 0.5234375 0.1546875 0.1046875
0 0.63046875 0.61875 0.1484375 0.0921875
0 0.76171875 0.7609375 0.1515625 0.090625
0 0.57890625 0.70234375 0.1578125 0.08125
0 0.4296875 0.703125 0.11875 0.0828125
0 0.90859375 0.7421875 0.14375 0.0921875
0 0.83203125 0.6375 0.159375 0.09375
0 0.665625 0.6625 0.159375 0.0875
0 0.92109375 0.678125 0.13125 0.08125
0 0.9375 0.6265625 0.1109375 0.0921875