0 0.8140625 0.5359375 0.1609375 0.11875
0 0.47578125 0.153125 0.190625 0.1359375
0 0.32578125 0.1 0.165625 0.125
0 0.803125 0.26484375 0.1984375 0.1453125
0 0.85 0.36328125 0.1828125 0.13125
0 0.66328125 0.26796875 0.175 0.1265625
0 0.50859375 0.22578125 0.1859375 0.134375
0 0.3390625 0.2390625 0.175 0.1265625
0 0.3546875 0.3265625 0.1765625 0.121875
0 0.58359375 0.32109375 0.1734375 0.1234375
0 0.71796875 0.371875 0.1703125 0.134375
0 0.88203125 0.45 0.18125 0.1359375
0 0.56875 0.39765625 0.1640625 0.11875
0 0.696875 0.4453125 0.1546875 0.11875
0 0.95390625 0.56484375 0.0921875 0.1078125
0 0.92890625 0.6328125 0.1203125 0.109375
0 0.2296875 0.36640625 0.1546875 0.1203125
0 0.42890625 0.42109375 0.1546875 0.11875
0 0.55859375 0.4546875 0.1515625 0.109375
0 0.74375 0.56796875 0.1578125 0.109375
0 0.5609375 0.51484375 0.146875 0.10625
0 0.2078125 0.44375 0.1546875 0.1140625
0 0.303125 0.496875 0.140625 0.1
0 0.47265625 0.51875 0.1328125 0.0984375
0 0.58125 0.57578125 0.1484375 0.096875
0 0.79921875 0.684375 0.15 0.1109375
0 0.8984375 0.73515625 0.1203125 0.0984375
0 0.6546875 0.6796875 0.1625 0.115625
0 0.49375 0.58828125 0.14375 0.109375
0 0.4453125 0.62265625 0.1296875 0.096875
0 0.35390625 0.56484375 0.1296875 0.096875