0 0.2984375 0.16484375 0.1703125 0.2046875
0 0.4578125 0.26171875 0.1796875 0.2234375
0 0.3890625 0.0890625 0.165625 0.178125
0 0.50234375 0.09453125 0.1921875 0.1890625
0 0.75546875 0.48671875 0.1828125 0.2125
0 0.87109375 0.55078125 0.2 0.2390625
0 0.74921875 0.26953125 0.1875 0.221875
0 0.63125 0.15 0.2171875 0.271875
0 0.67109375 0.3421875 0.1921875 0.225
0 0.54765625 0.23515625 0.203125 0.2421875
0 0.6171875 0.0484375 0.178125 0.096875
0 0.74609375 0.66328125 0.1671875 0.19375
0 0.9109375 0.76484375 0.1671875 0.1875
0 0.8171875 0.8171875 0.1578125 0.178125
0 0.64375 0.67421875 0.1578125 0.1875
0 0.6265625 0.8125 0.1671875 0.203125
0 0.52734375 0.840625 0.1640625 0.196875
0 0.5015625 0.44921875 0.1734375 0.2078125
0 0.590625 0.41328125 0.165625 0.1921875
0 0.67109375 0.51953125 0.1453125 0.16875
0 0.3484375 0.43359375 0.1578125 0.1984375
0 0.5109375 0.5921875 0.1671875 0.2078125
0 0.45703125 0.7421875 0.1453125 0.175
0 0.53203125 0.70703125 0.1578125 0.19375
0 0.3421875 0.6859375 0.1453125 0.16875
0 0.271875 0.51953125 0.153125 0.1796875
0 0.13203125 0.34921875 0.1515625 0.178125
0 0.09765625 0.196875 0.1140625 0.1203125
0 0.26171875 0.23046875 0.1703125 0.2140625
0 0.3625 0.28984375 0.1625 0.190625
0 0.43828125 0.43125 0.1546875 0.1828125
0 0.23203125 0.13203125 0.13125 0.1328125
0 0.1640625 0.165625 0.1171875 0.1234375
0 0.22265625 0.27734375 0.1453125 0.190625
0 0.2921875 0.43515625 0.1484375 0.178125
0 0.2265625 0.39453125 0.128125 0.153125
0 0.375 0.54609375 0.1359375 0.1734375