0 0.51484375 0.16171875 0.0984375 0.1703125
0 0.596875 0.3125 0.1 0.1890625
0 0.6265625 0.12109375 0.10625 0.1890625
0 0.72265625 0.1765625 0.1015625 0.2140625
0 0.73125 0.62890625 0.1140625 0.1734375
0 0.79375 0.7328125 0.1171875 0.196875
0 0.82578125 0.453125 0.115625 0.1828125
0 0.78671875 0.303125 0.1203125 0.2296875
0 0.73046875 0.4734375 0.1171875 0.1828125
0 0.68125 0.3328125 0.121875 0.2
0 0.85234375 0.14921875 0.1046875 0.2203125
0 0.6421875 0.76484375 0.1046875 0.1546875
0 0.725 0.9234375 0.109375 0.153125
0 0.628125 0.925 0.103125 0.15
0 0.55546875 0.7265625 0.0921875 0.1515625
0 0.478125 0.82890625 0.0953125 0.1703125
0 0.38515625 0.80546875 0.0953125 0.1640625
0 0.5453125 0.48203125 0.1015625 0.1703125
0 0.63359375 0.49453125 0.103125 0.1546875
0 0.64765625 0.61640625 0.0875 0.1390625
0 0.43125 0.3984375 0.0859375 0.16875
0 0.4875 0.60078125 0.09375 0.1765625
0 0.375 0.69453125 0.0859375 0.14375
0 0.45078125 0.7015625 0.0921875 0.1640625
0 0.309375 0.596875 0.090625 0.1359375
0 0.3296875 0.43203125 0.0921875 0.1484375
0 0.29765625 0.23203125 0.0921875 0.14375
0 0.34140625 0.06953125 0.0796875 0.1390625
0 0.4546875 0.19609375 0.096875 0.1828125
0 0.5078125 0.290625 0.0984375 0.1546875
0 0.503125 0.43828125 0.0921875 0.15
0 0.47734375 0.07578125 0.0953125 0.1515625
0 0.4078125 0.075 0.0859375 0.1421875
0 0.40234375 0.2171875 0.0734375 0.165625
0 0.38515625 0.37421875 0.0890625 0.1484375
0 0.35078125 0.31171875 0.075 0.128125
0 0.4 0.50078125 0.0765625 0.1484375