0 0.24609375 0.43359375 0.15 0.1265625
0 0.09375 0.36484375 0.1421875 0.1203125
0 0.2078125 0.3203125 0.1640625 0.13125
0 0.1015625 0.2859375 0.1234375 0.1140625
0 0.34140625 0.2125 0.16875 0.1421875
0 0.27109375 0.2703125 0.171875 0.1375
0 0.7296875 0.45 0.1734375 0.14375
0 0.64296875 0.3015625 0.1875 0.1390625
0 0.7828125 0.70234375 0.159375 0.1265625
0 0.80546875 0.62890625 0.1625 0.1265625
0 0.7015625 0.52421875 0.1703125 0.13125
0 0.4890625 0.45625 0.16875 0.134375
0 0.50234375 0.38125 0.16875 0.134375
0 0.36484375 0.3453125 0.1703125 0.1359375
0 0.459375 0.2875 0.18125 0.1484375
0 0.60234375 0.34921875 0.1609375 0.121875
0 0.1578125 0.22421875 0.1703125 0.1359375
0 0.36328125 0.42265625 0.16875 0.1296875
0 0.6046875 0.55234375 0.159375 0.1234375
0 0.68359375 0.68203125 0.1375 0.1125
0 0.45234375 0.54921875 0.146875 0.1109375
0 0.32109375 0.6359375 0.1421875 0.1171875
0 0.209375 0.5609375 0.1484375 0.1171875
0 0.0921875 0.43671875 0.159375 0.1234375
0 0.28984375 0.4984375 0.1578125 0.121875
0 0.09296875 0.5390625 0.1390625 0.115625
0 0.49765625 0.65625 0.1421875 0.1171875
0 0.428125 0.59375 0.1515625 0.1078125
0 0.5390625 0.61171875 0.153125 0.109375
0 0.62890625 0.715625 0.140625 0.10625
0 0.52890625 0.7046875 0.1234375 0.1015625
0 0.70859375 0.61640625 0.1390625 0.1125
0 0.80234375 0.34765625 0.1734375 0.1296875