0 0.16875 0.4984375 0.1625 0.090625
0 0.31328125 0.5875 0.1828125 0.090625
0 0.12265625 0.60625 0.18125 0.0953125
0 0.17265625 0.7046875 0.20625 0.090625
0 0.61796875 0.7359375 0.165625 0.103125
0 0.71796875 0.803125 0.190625 0.10625
0 0.43984375 0.8203125 0.175 0.103125
0 0.29375 0.77421875 0.221875 0.1078125
0 0.465625 0.72734375 0.175 0.10625
0 0.32890625 0.67109375 0.190625 0.1109375
0 0.1390625 0.83125 0.2125 0.0921875
0 0.75703125 0.65546875 0.1484375 0.0953125
0 0.91796875 0.746875 0.159375 0.1
0 0.9203125 0.65078125 0.15 0.09375
0 0.7234375 0.56796875 0.146875 0.084375
0 0.82890625 0.496875 0.1625 0.0875
0 0.81015625 0.4046875 0.15625 0.0875
0 0.4828125 0.5453125 0.1640625 0.0921875
0 0.490625 0.6328125 0.1484375 0.09375
0 0.61015625 0.65390625 0.13125 0.08125
0 0.40703125 0.428125 0.1625 0.078125
0 0.603125 0.49453125 0.16875 0.084375
0 0.7015625 0.38828125 0.1390625 0.078125
0 0.7046875 0.4640625 0.15625 0.08125
0 0.60859375 0.31875 0.1296875 0.08125
0 0.4453125 0.33046875 0.140625 0.084375
0 0.24921875 0.2875 0.1375 0.084375
0 0.08203125 0.3234375 0.146875 0.071875
0 0.20625 0.44140625 0.175 0.0859375
0 0.29609375 0.4984375 0.1484375 0.090625
0 0.4421875 0.5015625 0.14375 0.084375
0 0.084375 0.4578125 0.15 0.0875
0 0.0890625 0.3890625 0.1375 0.075
0 0.22890625 0.390625 0.1625 0.065625
0 0.38515625 0.38203125 0.140625 0.0796875
0 0.325 0.3453125 0.121875 0.06875
0 0.509375 0.403125 0.14375 0.065625