0 0.4375 0.1953125 0.184375 0.10625
0 0.2734375 0.17578125 0.1640625 0.0890625
0 0.74609375 0.2390625 0.16875 0.1109375
0 0.803125 0.31875 0.1625 0.096875
0 0.92890625 0.3328125 0.1390625 0.1
0 0.615625 0.259375 0.14375 0.1
0 0.475 0.25625 0.1640625 0.090625
0 0.1921875 0.2984375 0.1375 0.103125
0 0.315625 0.30625 0.146875 0.0921875
0 0.33046875 0.38359375 0.15 0.0953125
0 0.21484375 0.51640625 0.13125 0.090625
0 0.55078125 0.4046875 0.1484375 0.0953125
0 0.68515625 0.353125 0.14375 0.0953125
0 0.553125 0.33046875 0.146875 0.090625
0 0.85390625 0.39765625 0.15625 0.096875
0 0.6796875 0.425 0.1421875 0.090625
0 0.80234375 0.49140625 0.1484375 0.0890625
0 0.93828125 0.55859375 0.1203125 0.0828125
0 0.92578125 0.66015625 0.1203125 0.08125
0 0.815625 0.6265625 0.1375 0.0796875
0 0.68359375 0.65390625 0.1203125 0.078125
0 0.5640625 0.51640625 0.1453125 0.0828125
0 0.41640625 0.45546875 0.1390625 0.0828125
0 0.55 0.46640625 0.1484375 0.0828125
0 0.740625 0.53359375 0.1390625 0.0734375
0 0.5875 0.56484375 0.1171875 0.06875
0 0.22265625 0.4390625 0.1359375 0.0921875
0 0.31875 0.540625 0.1265625 0.08125
0 0.51640625 0.59609375 0.1078125 0.0765625
0 0.3734375 0.60234375 0.1140625 0.078125
0 0.46796875 0.6328125 0.1171875 0.071875
0 0.48203125 0.53671875 0.1375 0.0671875