0 0.14609375 0.76171875 0.0859375 0.1671875
0 0.18125 0.603125 0.08125 0.16875
0 0.20546875 0.2625 0.09375 0.178125
0 0.240625 0.53125 0.0875 0.159375
0 0.2875 0.68828125 0.090625 0.15
0 0.36171875 0.66796875 0.0859375 0.146875
0 0.2390625 0.40078125 0.096875 0.14375
0 0.27109375 0.18828125 0.090625 0.159375
0 0.30859375 0.3203125 0.09375 0.15
0 0.275 0.06796875 0.1 0.1359375
0 0.346875 0.13046875 0.090625 0.16875
0 0.3109375 0.4515625 0.0875 0.1390625
0 0.384375 0.44765625 0.08125 0.15625
0 0.2921875 0.83203125 0.0921875 0.140625
0 0.4359375 0.76953125 0.084375 0.121875
0 0.51015625 0.75703125 0.0859375 0.14375
0 0.53046875 0.66796875 0.06875 0.11875
0 0.44140625 0.56484375 0.078125 0.1296875
0 0.434375 0.4375 0.071875 0.14375
0 0.44921875 0.18046875 0.08125 0.153125
0 0.49609375 0.415625 0.0703125 0.140625
0 0.6203125 0.28671875 0.06875 0.1203125
0 0.57265625 0.45859375 0.071875 0.115625
0 0.58828125 0.15390625 0.06875 0.13125
0 0.6078125 0.0546875 0.078125 0.109375
0 0.53125 0.1390625 0.059375 0.1203125
0 0.49140625 0.23828125 0.06875 0.1390625
0 0.3921875 0.31015625 0.078125 0.14375
0 0.52109375 0.5046875 0.06875 0.134375
0 0.59375 0.60546875 0.0625 0.103125
0 0.61484375 0.5046875 0.065625 0.115625
0 0.57109375 0.34921875 0.059375 0.125