0 0.28203125 0.38828125 0.1359375 0.1125
0 0.134375 0.34296875 0.1296875 0.1046875
0 0.18515625 0.44375 0.15 0.1140625
0 0.07421875 0.3953125 0.14375 0.1125
0 0.21015625 0.6 0.1546875 0.1265625
0 0.1984375 0.5171875 0.1578125 0.1203125
0 0.62578125 0.678125 0.159375 0.125
0 0.4734375 0.7265625 0.1734375 0.1203125
0 0.81796875 0.53671875 0.1453125 0.1109375
0 0.78828125 0.6015625 0.1484375 0.1109375
0 0.65234375 0.609375 0.15625 0.1140625
0 0.46328125 0.52421875 0.1546875 0.11875
0 0.42578125 0.584375 0.1546875 0.11875
0 0.30859375 0.5234375 0.15625 0.11875
0 0.33828125 0.62265625 0.165625 0.1296875
0 0.47421875 0.66875 0.146875 0.1046875
0 0.09140625 0.47890625 0.15625 0.11875
0 0.35625 0.46953125 0.15625 0.1140625
0 0.60234375 0.53046875 0.1453125 0.1078125
0 0.7375 0.4890625 0.1265625 0.0984375
0 0.49609375 0.4375 0.134375 0.0953125
0 0.45859375 0.29609375 0.1296875 0.1015625
0 0.33515625 0.27890625 0.1359375 0.1015625
0 0.17734375 0.2921875 0.1453125 0.1078125
0 0.35234375 0.37265625 0.1453125 0.1046875
0 0.2421875 0.22109375 0.1265625 0.1015625
0 0.59296875 0.3921875 0.128125 0.1015625
0 0.50703125 0.39140625 0.140625 0.0921875
0 0.59375 0.4484375 0.1421875 0.0953125
0 0.7203125 0.4328125 0.1296875 0.090625
0 0.6453125 0.37734375 0.1125 0.0875
0 0.71328125 0.55 0.1296875 0.0984375
0 0.6109375 0.79375 0.159375 0.1125