0 0.9390625 0.54140625 0.121875 0.2046875
0 0.84765625 0.41015625 0.165625 0.2015625
0 0.64453125 0.1046875 0.1828125 0.209375
0 0.753125 0.3734375 0.165625 0.1953125
0 0.79140625 0.546875 0.165625 0.190625
0 0.71015625 0.56640625 0.159375 0.184375
0 0.6859375 0.2484375 0.16875 0.1875
0 0.54375 0.08125 0.16875 0.1625
0 0.578125 0.20859375 0.16875 0.1921875
0 0.49296875 0.02109375 0.1359375 0.0421875
0 0.44453125 0.07578125 0.1671875 0.1515625
0 0.6453125 0.334375 0.1578125 0.178125
0 0.5734375 0.36953125 0.1609375 0.1921875
0 0.8625 0.6859375 0.1625 0.184375
0 0.69296875 0.70234375 0.14375 0.1609375
0 0.61640625 0.7296875 0.1578125 0.1828125
0 0.55 0.65546875 0.128125 0.1484375
0 0.58125 0.5109375 0.1421875 0.1640625
0 0.5203125 0.3859375 0.14375 0.175
0 0.37109375 0.15 0.15625 0.1875
0 0.45078125 0.39765625 0.140625 0.1703125
0 0.26484375 0.34140625 0.1296875 0.1515625
0 0.4 0.47890625 0.1296875 0.146875
0 0.225 0.19765625 0.1359375 0.1625
0 0.16953125 0.14296875 0.1 0.0875
0 0.271875 0.15390625 0.1203125 0.146875
0 0.3609375 0.2265625 0.1390625 0.1671875
0 0.49296875 0.24296875 0.15 0.178125
0 0.4734375 0.4953125 0.134375 0.1640625
0 0.45703125 0.62890625 0.1140625 0.13125
0 0.384375 0.54453125 0.1234375 0.14375
0 0.34375 0.37421875 0.121875 0.15