0 0.25078125 0.49375 0.1328125 0.0828125
0 0.4765625 0.446875 0.11875 0.075
0 0.26171875 0.7234375 0.1515625 0.0984375
0 0.21796875 0.653125 0.1421875 0.084375
0 0.19453125 0.58125 0.146875 0.0890625
0 0.065625 0.590625 0.1234375 0.08125
0 0.11015625 0.65625 0.1390625 0.0875
0 0.55390625 0.72734375 0.1578125 0.0921875
0 0.69140625 0.6171875 0.1265625 0.0890625
0 0.53125 0.6734375 0.1375 0.0765625
0 0.3953125 0.68984375 0.1484375 0.0953125
0 0.46953125 0.54453125 0.1390625 0.0875
0 0.68125 0.54375 0.15 0.0921875
0 0.8078125 0.478125 0.1359375 0.09375
0 0.81640625 0.4015625 0.1296875 0.0859375
0 0.61328125 0.484375 0.1328125 0.0828125
0 0.46171875 0.61875 0.1484375 0.0890625
0 0.334375 0.6109375 0.1359375 0.09375
0 0.35 0.540625 0.1359375 0.084375
0 0.09453125 0.5109375 0.1296875 0.0859375
0 0.12109375 0.44765625 0.1296875 0.0859375
0 0.2625 0.371875 0.11875 0.078125
0 0.3828125 0.334375 0.11875 0.08125
0 0.54453125 0.36015625 0.1203125 0.078125
0 0.68359375 0.34453125 0.109375 0.0703125
0 0.59375 0.32890625 0.1078125 0.0796875
0 0.72421875 0.396875 0.121875 0.0765625
0 0.57734375 0.415625 0.1109375 0.078125
0 0.471875 0.40390625 0.1203125 0.065625
0 0.315625 0.4453125 0.13125 0.0734375
0 0.03515625 0.41328125 0.0703125 0.0703125
0 0.16171875 0.35625 0.1125 0.0703125