0 0.60703125 0.7140625 0.125 0.15
0 0.4796875 0.50625 0.1125 0.1359375
0 0.83203125 0.61953125 0.14375 0.171875
0 0.778125 0.68828125 0.13125 0.1609375
0 0.71484375 0.73671875 0.1328125 0.1640625
0 0.7671875 0.86015625 0.115625 0.134375
0 0.8203125 0.79453125 0.13125 0.159375
0 0.73046875 0.32734375 0.1421875 0.178125
0 0.5703125 0.23046875 0.1265625 0.1484375
0 0.68359375 0.36875 0.121875 0.1546875
0 0.75 0.4984375 0.1390625 0.16875
0 0.57890625 0.478125 0.1296875 0.15625
0 0.5015625 0.26796875 0.140625 0.1703125
0 0.38984375 0.1640625 0.1328125 0.15625
0 0.31015625 0.184375 0.125 0.15
0 0.4671875 0.35703125 0.125 0.1515625
0 0.65546875 0.45859375 0.134375 0.165625
0 0.69296875 0.58828125 0.1359375 0.1578125
0 0.61796875 0.59765625 0.1265625 0.1546875
0 0.68203125 0.8625 0.1265625 0.15
0 0.60859375 0.85859375 0.125 0.1484375
0 0.48125 0.74609375 0.115625 0.1375
0 0.40078125 0.63984375 0.11875 0.1390625
0 0.36796875 0.46953125 0.115625 0.1375
0 0.30234375 0.33671875 0.1046875 0.1265625
0 0.31953125 0.4328125 0.1109375 0.1265625
0 0.3390625 0.27734375 0.1140625 0.1390625
0 0.41171875 0.4171875 0.1109375 0.128125
0 0.4375 0.52578125 0.103125 0.1328125
0 0.5359375 0.66640625 0.115625 0.1453125
0 0.60390625 0.95625 0.0953125 0.0875
0 0.50234375 0.85078125 0.10625 0.128125