0 0.5234375 0.8671875 0.0859375 0.134375
0 0.43515625 0.91953125 0.1078125 0.1609375
0 0.28125 0.8546875 0.109375 0.1640625
0 0.2 0.38984375 0.0953125 0.15625
0 0.22109375 0.5421875 0.0953125 0.159375
0 0.2875 0.58046875 0.0890625 0.140625
0 0.296875 0.715625 0.0921875 0.1265625
0 0.3609375 0.9 0.0921875 0.140625
0 0.365625 0.9734375 0.090625 0.053125
0 0.38515625 0.7703125 0.09375 0.140625
0 0.32578125 0.4109375 0.0859375 0.1359375
0 0.3984375 0.41484375 0.0875 0.146875
0 0.453125 0.2890625 0.0859375 0.1359375
0 0.52421875 0.28125 0.084375 0.125
0 0.5515625 0.36875 0.075 0.1203125
0 0.46875 0.49140625 0.0796875 0.1359375
0 0.3578125 0.6375 0.0953125 0.1515625
0 0.43125 0.6328125 0.084375 0.1515625
0 0.41171875 0.51796875 0.078125 0.1328125
0 0.4578125 0.76171875 0.0921875 0.1359375
0 0.59453125 0.96875 0.0828125 0.05625
0 0.525 0.978125 0.075 0.04375
0 0.48125 0.62734375 0.0734375 0.1390625
0 0.53515625 0.625 0.075 0.1390625
0 0.559375 0.79453125 0.0765625 0.1234375
0 0.5828125 0.634375 0.0703125 0.1296875
0 0.6109375 0.55703125 0.0703125 0.134375
0 0.55078125 0.53359375 0.0734375 0.1171875
0 0.61484375 0.4140625 0.0671875 0.1140625
0 0.64140625 0.51015625 0.065625 0.1015625
0 0.67109375 0.71953125 0.0703125 0.1203125
0 0.65390625 0.859375 0.075 0.1171875
0 0.68515625 0.94296875 0.0734375 0.0890625
0 0.603125 0.88203125 0.06875 0.1125