0 0.865625 0.4734375 0.14375 0.209375
0 0.91640625 0.30625 0.121875 0.184375
0 0.7625 0.78828125 0.1453125 0.19375
0 0.66875 0.8328125 0.128125 0.1828125
0 0.63125 0.940625 0.125 0.11875
0 0.765625 0.64765625 0.1296875 0.165625
0 0.7953125 0.50078125 0.1234375 0.184375
0 0.803125 0.19765625 0.13125 0.159375
0 0.771875 0.3265625 0.125 0.1671875
0 0.68828125 0.32734375 0.125 0.1703125
0 0.57109375 0.18125 0.1203125 0.15
0 0.625 0.553125 0.125 0.1671875
0 0.65546875 0.703125 0.1234375 0.1640625
0 0.70234375 0.56953125 0.121875 0.1671875
0 0.5765625 0.87109375 0.1265625 0.1765625
0 0.58125 0.684375 0.1203125 0.1640625
0 0.4890625 0.8 0.11875 0.16875
0 0.39453125 0.92734375 0.10625 0.134375
0 0.290625 0.8984375 0.10625 0.1390625
0 0.34609375 0.7890625 0.10625 0.1546875
0 0.34140625 0.64609375 0.103125 0.1375
0 0.50703125 0.54609375 0.1125 0.1640625
0 0.59765625 0.403125 0.1109375 0.1578125
0 0.5609375 0.5421875 0.1125 0.1671875
0 0.45625 0.72734375 0.1015625 0.1546875
0 0.45234375 0.5625 0.0921875 0.1328125
0 0.65 0.20390625 0.11875 0.15625
0 0.52578125 0.2859375 0.1078125 0.146875
0 0.4328125 0.48203125 0.1 0.125
0 0.4515625 0.33203125 0.1 0.1296875
0 0.403125 0.425 0.0953125 0.1328125
0 0.5 0.45625 0.0953125 0.1546875