0 0.59296875 0.4765625 0.2046875 0.146875
0 0.50546875 0.24921875 0.2359375 0.171875
0 0.83984375 0.2125 0.215625 0.1625
0 0.82109375 0.51171875 0.190625 0.1421875
0 0.696875 0.13125 0.23125 0.1625
0 0.81640625 0.41875 0.20625 0.1421875
0 0.8765625 0.63671875 0.1828125 0.128125
0 0.9359375 0.51796875 0.128125 0.1234375
0 0.79375 0.30390625 0.209375 0.1484375
0 0.67578125 0.24375 0.2109375 0.1640625
0 0.496875 0.11484375 0.2390625 0.15
0 0.37421875 0.20625 0.2328125 0.16875
0 0.20390625 0.20078125 0.240625 0.165625
0 0.07421875 0.32578125 0.1484375 0.1640625
0 0.35546875 0.3265625 0.2234375 0.1515625
0 0.20625 0.40546875 0.196875 0.140625
0 0.22421875 0.3046875 0.2078125 0.140625
0 0.0421875 0.5125 0.084375 0.11875
0 0.24609375 0.4921875 0.2 0.15625
0 0.4078125 0.4109375 0.228125 0.153125
0 0.590625 0.359375 0.2203125 0.1515625
0 0.72578125 0.64375 0.1578125 0.1171875
0 0.5671875 0.721875 0.1734375 0.1203125
0 0.34921875 0.7140625 0.16875 0.1171875
0 0.13203125 0.5765625 0.1984375 0.134375
0 0.346875 0.609375 0.1953125 0.13125
0 0.559375 0.5515625 0.190625 0.1296875
0 0.1890625 0.77109375 0.1828125 0.1265625
0 0.0921875 0.70625 0.13125 0.1171875
0 0.47109375 0.503125 0.20625 0.1421875
0 0.4109375 0.65 0.171875 0.1140625
0 0.56640625 0.60546875 0.178125 0.121875