0 0.178125 0.47265625 0.1328125 0.078125
0 0.12421875 0.378125 0.171875 0.0984375
0 0.20859375 0.22421875 0.1609375 0.103125
0 0.69140625 0.17578125 0.15625 0.0875
0 0.53359375 0.1859375 0.1578125 0.0875
0 0.4890625 0.25078125 0.140625 0.0828125
0 0.35 0.25078125 0.125 0.0859375
0 0.15625 0.30390625 0.140625 0.0875
0 0.05234375 0.30390625 0.1046875 0.0890625
0 0.2875 0.3375 0.140625 0.0875
0 0.6609375 0.30234375 0.1359375 0.078125
0 0.6515625 0.37734375 0.1453125 0.08125
0 0.77578125 0.4421875 0.1359375 0.0796875
0 0.77890625 0.515625 0.1234375 0.078125
0 0.68828125 0.53671875 0.1203125 0.0703125
0 0.56796875 0.44296875 0.1359375 0.0734375
0 0.4265625 0.31953125 0.1515625 0.0875
0 0.42578125 0.39453125 0.1515625 0.078125
0 0.54453125 0.3828125 0.1328125 0.0703125
0 0.2921875 0.4125 0.1359375 0.0859375
0 0.0484375 0.5375 0.096875 0.08125
0 0.0421875 0.46640625 0.084375 0.0734375
0 0.428125 0.446875 0.1390625 0.0671875
0 0.4265625 0.50234375 0.1390625 0.06875
0 0.25078125 0.51484375 0.1234375 0.0703125
0 0.41328125 0.55 0.1296875 0.0625
0 0.490625 0.584375 0.1359375 0.0625
0 0.51953125 0.52421875 0.1171875 0.0671875
0 0.63671875 0.5984375 0.1140625 0.0609375
0 0.5359375 0.61875 0.1015625 0.0609375
0 0.31953125 0.634375 0.1203125 0.0640625
0 0.178125 0.60625 0.1171875 0.0703125
0 0.07421875 0.63359375 0.1203125 0.0703125
0 0.15703125 0.553125 0.1125 0.0625