0 0.6953125 0.6546875 0.1390625 0.1171875
0 0.48359375 0.56796875 0.128125 0.10625
0 0.81328125 0.459375 0.1609375 0.134375
0 0.81015625 0.54140625 0.1515625 0.121875
0 0.78984375 0.61328125 0.153125 0.1234375
0 0.90234375 0.6796875 0.1359375 0.1125
0 0.9015625 0.5984375 0.1484375 0.1234375
0 0.57578125 0.29453125 0.165625 0.1328125
0 0.4015625 0.30859375 0.1390625 0.11875
0 0.5640625 0.3515625 0.1453125 0.1140625
0 0.6859375 0.41328125 0.159375 0.13125
0 0.54453125 0.4921875 0.146875 0.121875
0 0.36953125 0.37578125 0.159375 0.13125
0 0.228125 0.35859375 0.146875 0.125
0 0.1796875 0.4171875 0.140625 0.11875
0 0.39375 0.46171875 0.1421875 0.11875
0 0.590625 0.43515625 0.15625 0.1265625
0 0.69140625 0.5125 0.1484375 0.1265625
0 0.63984375 0.56171875 0.1453125 0.11875
0 0.83359375 0.72578125 0.140625 0.11875
0 0.77578125 0.7640625 0.1375 0.1171875
0 0.61796875 0.7484375 0.1265625 0.10625
0 0.4984375 0.7125 0.128125 0.1109375
0 0.3796875 0.6015625 0.1296875 0.1078125
0 0.25625 0.5375 0.11875 0.1
0 0.32265625 0.60078125 0.11875 0.103125
0 0.25234375 0.47109375 0.128125 0.10625
0 0.384375 0.5375 0.1203125 0.103125
0 0.46328125 0.60625 0.1234375 0.0953125
0 0.615625 0.6578125 0.1359375 0.1078125
0 0.8359375 0.846875 0.1046875 0.09375
0 0.6921875 0.81640625 0.1203125 0.1