0 0.1609375 0.66484375 0.16875 0.1453125
0 0.16484375 0.76640625 0.1828125 0.1515625
0 0.33828125 0.834375 0.1765625 0.146875
0 0.23203125 0.81796875 0.1890625 0.1625
0 0.43125 0.746875 0.19375 0.1609375
0 0.7921875 0.65 0.165625 0.1375
0 0.6734375 0.56484375 0.165625 0.140625
0 0.565625 0.68515625 0.178125 0.15
0 0.62265625 0.51015625 0.1703125 0.146875
0 0.64375 0.3375 0.165625 0.1390625
0 0.55078125 0.36171875 0.153125 0.128125
0 0.33671875 0.728125 0.1765625 0.15
0 0.46640625 0.65078125 0.16875 0.1359375
0 0.41953125 0.5921875 0.16875 0.14375
0 0.29609375 0.6640625 0.1515625 0.1265625
0 0.5 0.5015625 0.15625 0.1328125
0 0.684375 0.4015625 0.1625 0.1390625
0 0.35 0.5109375 0.153125 0.128125
0 0.1734375 0.465625 0.153125 0.125
0 0.3484375 0.41796875 0.15625 0.1203125
0 0.4671875 0.340625 0.1265625 0.109375
0 0.07109375 0.55859375 0.1421875 0.1296875
0 0.18125 0.59921875 0.1625 0.1328125
0 0.30078125 0.49375 0.1609375 0.1265625
0 0.08515625 0.61640625 0.1453125 0.1171875
0 0.09140625 0.66796875 0.1421875 0.125