0 0.571875 0.2546875 0.11875 0.1390625
0 0.6375 0.1109375 0.1140625 0.134375
0 0.67890625 0.21875 0.125 0.1546875
0 0.71484375 0.109375 0.115625 0.134375
0 0.78046875 0.34375 0.1328125 0.1578125
0 0.72578125 0.27734375 0.128125 0.1625
0 0.55703125 0.71015625 0.1359375 0.1640625
0 0.69609375 0.62734375 0.13125 0.178125
0 0.31953125 0.759375 0.1203125 0.15
0 0.38828125 0.78125 0.11875 0.1515625
0 0.48671875 0.68359375 0.125 0.1609375
0 0.55078125 0.48359375 0.128125 0.1578125
0 0.621875 0.4953125 0.128125 0.1578125
0 0.65546875 0.365625 0.1265625 0.159375
0 0.709375 0.45546875 0.140625 0.1703125
0 0.6515625 0.58984375 0.1140625 0.15
0 0.76953125 0.17109375 0.1296875 0.1609375
0 0.5828125 0.36484375 0.121875 0.1609375
0 0.4609375 0.5921875 0.1171875 0.1484375
0 0.3375 0.66640625 0.10625 0.1296875
0 0.46328125 0.4484375 0.1046875 0.1375
0 0.38125 0.325 0.1109375 0.134375
0 0.45234375 0.21875 0.109375 0.140625
0 0.56953125 0.109375 0.1171875 0.1484375
0 0.51171875 0.29609375 0.1140625 0.15
0 0.47265625 0.11015625 0.109375 0.13125
0 0.3625 0.49140625 0.1109375 0.1328125
0 0.42109375 0.42578125 0.103125 0.1453125
0 0.40390625 0.5296875 0.1046875 0.1453125
0 0.30625 0.615625 0.1 0.13125
0 0.31640625 0.5203125 0.0953125 0.115625
0 0.4 0.68984375 0.10625 0.1328125
0 0.653125 0.778125 0.1234375 0.1640625