0 0.58359375 0.79765625 0.1765625 0.0921875
0 0.74453125 0.80546875 0.15625 0.0765625
0 0.27890625 0.77578125 0.159375 0.096875
0 0.21796875 0.70234375 0.153125 0.084375
0 0.09453125 0.696875 0.1296875 0.0875
0 0.40546875 0.74765625 0.134375 0.0890625
0 0.54296875 0.740625 0.15625 0.078125
0 0.815625 0.68046875 0.128125 0.0921875
0 0.69453125 0.68125 0.1390625 0.0828125
0 0.675 0.60625 0.140625 0.084375
0 0.77890625 0.46953125 0.121875 0.0828125
0 0.45859375 0.60078125 0.1390625 0.084375
0 0.33125 0.6609375 0.134375 0.084375
0 0.4609375 0.6734375 0.1390625 0.0796875
0 0.16328125 0.628125 0.146875 0.084375
0 0.33125 0.590625 0.134375 0.0796875
0 0.20703125 0.53359375 0.1421875 0.078125
0 0.06328125 0.47734375 0.1265625 0.0734375
0 0.075 0.378125 0.1140625 0.071875
0 0.18515625 0.403125 0.1296875 0.06875
0 0.31171875 0.3671875 0.1140625 0.06875
0 0.43828125 0.49296875 0.1375 0.071875
0 0.58671875 0.5421875 0.1328125 0.071875
0 0.4546875 0.540625 0.140625 0.071875
0 0.26484375 0.48828125 0.13125 0.0625
0 0.41171875 0.44765625 0.1109375 0.0609375
0 0.7765625 0.5453125 0.128125 0.08125
0 0.67578125 0.45234375 0.1203125 0.071875
0 0.47890625 0.4125 0.1015625 0.06875
0 0.61796875 0.39609375 0.10625 0.06875
0 0.5234375 0.3734375 0.1109375 0.0625
0 0.5171875 0.4671875 0.1328125 0.0578125