0 0.2625 0.45625 0.1203125 0.0671875
0 0.48515625 0.43828125 0.109375 0.0609375
0 0.24609375 0.67890625 0.1375 0.078125
0 0.2125 0.60625 0.13125 0.0671875
0 0.1984375 0.534375 0.134375 0.0671875
0 0.07109375 0.5265625 0.1171875 0.0640625
0 0.1078125 0.596875 0.1265625 0.0703125
0 0.5265625 0.7171875 0.1453125 0.071875
0 0.671875 0.62734375 0.115625 0.071875
0 0.51171875 0.6625 0.128125 0.059375
0 0.378125 0.6625 0.1359375 0.075
0 0.46640625 0.53125 0.1265625 0.06875
0 0.6703125 0.55546875 0.1375 0.0734375
0 0.80078125 0.50703125 0.1234375 0.075
0 0.8171875 0.434375 0.11875 0.06875
0 0.61171875 0.490625 0.121875 0.0671875
0 0.45078125 0.6015625 0.1359375 0.06875
0 0.32890625 0.57890625 0.1234375 0.0765625
0 0.35234375 0.51328125 0.125 0.065625
0 0.11015625 0.45546875 0.11875 0.0703125
0 0.14375 0.396875 0.1171875 0.06875
0 0.28828125 0.340625 0.1078125 0.0625
0 0.40859375 0.31875 0.1078125 0.0671875
0 0.5609375 0.3625 0.109375 0.0625
0 0.696875 0.3640625 0.1 0.0578125
0 0.61171875 0.33828125 0.096875 0.0640625
0 0.7296875 0.41953125 0.1109375 0.0609375
0 0.5859375 0.4203125 0.1 0.0625
0 0.4859375 0.39609375 0.1109375 0.0484375
0 0.33046875 0.41796875 0.1203125 0.0578125
0 0.0484375 0.35234375 0.096875 0.059375
0 0.19375 0.3140625 0.103125 0.05625