0 0.85546875 0.4203125 0.159375 0.1171875
0 0.9140625 0.50234375 0.171875 0.1203125
0 0.82421875 0.6625 0.16875 0.1171875
0 0.896875 0.584375 0.178125 0.13125
0 0.69765625 0.65390625 0.1828125 0.1265625
0 0.3578125 0.8046875 0.1578125 0.109375
0 0.39609375 0.66484375 0.1578125 0.1125
0 0.55546875 0.68984375 0.16875 0.1203125
0 0.40078125 0.58984375 0.1625 0.11875
0 0.27578125 0.46953125 0.1546875 0.1125
0 0.3640625 0.43046875 0.146875 0.1015625
0 0.759375 0.5796875 0.165625 0.1203125
0 0.61015625 0.60078125 0.1625 0.1046875
0 0.609375 0.5265625 0.1625 0.115625
0 0.75078125 0.5046875 0.14375 0.1
0 0.49140625 0.50703125 0.1515625 0.1078125
0 0.28515625 0.54453125 0.1515625 0.1109375
0 0.6125 0.41953125 0.146875 0.1015625
0 0.7203125 0.27421875 0.15 0.0984375
0 0.55546875 0.346875 0.153125 0.090625
0 0.415625 0.3609375 0.11875 0.0859375
0 0.8640625 0.27734375 0.15 0.1015625
0 0.7984375 0.38203125 0.15625 0.103125
0 0.640625 0.37578125 0.1578125 0.096875
0 0.884375 0.33515625 0.1390625 0.0890625
0 0.91171875 0.3796875 0.1359375 0.1015625