0 0.5375 0.14453125 0.1109375 0.15625
0 0.63671875 0.11796875 0.1140625 0.1765625
0 0.75 0.2640625 0.1125 0.165625
0 0.7046875 0.16796875 0.1265625 0.1765625
0 0.69453125 0.378125 0.121875 0.18125
0 0.70703125 0.75078125 0.1046875 0.15625
0 0.5921875 0.6625 0.1078125 0.15625
0 0.67421875 0.52421875 0.115625 0.1671875
0 0.525 0.6296875 0.1140625 0.1578125
0 0.365625 0.70078125 0.1078125 0.153125
0 0.3625 0.6046875 0.096875 0.1453125
0 0.64921875 0.29375 0.115625 0.1640625
0 0.61328125 0.43984375 0.1 0.1609375
0 0.54296875 0.41328125 0.1109375 0.15625
0 0.5765625 0.2734375 0.096875 0.1421875
0 0.48046875 0.515625 0.103125 0.146875
0 0.4390625 0.7203125 0.10625 0.15
0 0.4453125 0.3703125 0.096875 0.1453125
0 0.35078125 0.21484375 0.09375 0.1453125
0 0.35625 0.3953125 0.0859375 0.153125
0 0.31796875 0.53046875 0.084375 0.115625
0 0.4078125 0.0828125 0.0984375 0.1484375
0 0.48046875 0.18359375 0.0984375 0.1546875
0 0.415625 0.32734375 0.090625 0.153125
0 0.46875 0.08671875 0.0859375 0.1375
0 0.5203125 0.07734375 0.0984375 0.1328125