0 0.16640625 0.6 0.171875 0.15
0 0.3859375 0.42578125 0.184375 0.153125
0 0.08828125 0.43984375 0.1765625 0.1671875
0 0.38984375 0.23046875 0.1796875 0.15625
0 0.2703125 0.303125 0.1796875 0.1484375
0 0.565625 0.06328125 0.19375 0.1265625
0 0.11953125 0.33515625 0.1984375 0.1671875
0 0.08515625 0.53046875 0.1703125 0.1546875
0 0.21875 0.4078125 0.19375 0.1609375
0 0.3578125 0.34609375 0.16875 0.1453125
0 0.575 0.20546875 0.18125 0.153125
0 0.57890625 0.29921875 0.1828125 0.1484375
0 0.7140625 0.3125 0.16875 0.1421875
0 0.74609375 0.38671875 0.1625 0.140625
0 0.6671875 0.453125 0.146875 0.1234375
0 0.5265625 0.4140625 0.1578125 0.128125
0 0.46796875 0.27578125 0.16875 0.1453125
0 0.2515625 0.4828125 0.18125 0.1484375
0 0.4078125 0.5375 0.1640625 0.1328125
0 0.196875 0.7546875 0.1640625 0.1375
0 0.34140625 0.715625 0.1421875 0.1265625
0 0.49296875 0.596875 0.1421875 0.1265625
0 0.6296875 0.53984375 0.140625 0.11875
0 0.5484375 0.61015625 0.1328125 0.1109375
0 0.4 0.59453125 0.1484375 0.1203125
0 0.503125 0.51875 0.1390625 0.1171875
0 0.27734375 0.53671875 0.153125 0.1328125
0 0.23125 0.62578125 0.171875 0.1390625
0 0.27578125 0.64921875 0.153125 0.125
0 0.16875 0.70859375 0.1578125 0.1234375
0 0.1109375 0.66015625 0.165625 0.140625
0 0.44296875 0.14375 0.1921875 0.159375