0 0.1890625 0.5640625 0.103125 0.1828125
0 0.17265625 0.7265625 0.0859375 0.1609375
0 0.22734375 0.25546875 0.10625 0.1671875
0 0.30546875 0.19765625 0.09375 0.1609375
0 0.3171875 0.0734375 0.0953125 0.1359375
0 0.24921875 0.3859375 0.096875 0.1421875
0 0.24921875 0.52578125 0.0875 0.1640625
0 0.2953125 0.80546875 0.1 0.1359375
0 0.30078125 0.6828125 0.090625 0.1453125
0 0.37890625 0.66640625 0.09375 0.1484375
0 0.51171875 0.7796875 0.0890625 0.128125
0 0.3953125 0.44765625 0.09375 0.1453125
0 0.34140625 0.31484375 0.09375 0.1421875
0 0.32109375 0.44609375 0.0890625 0.1453125
0 0.3828125 0.146875 0.09375 0.1546875
0 0.4125 0.31875 0.0890625 0.1421875
0 0.4765625 0.19609375 0.0875 0.1484375
0 0.54140625 0.059375 0.08125 0.11875
0 0.64140625 0.0703125 0.078125 0.1171875
0 0.6109375 0.18125 0.075 0.134375
0 0.640625 0.3109375 0.075 0.1171875
0 0.50546875 0.4328125 0.0796875 0.14375
0 0.44765625 0.58125 0.078125 0.1375
0 0.45625 0.446875 0.0796875 0.146875
0 0.51953125 0.25703125 0.06875 0.1375
0 0.553125 0.4078125 0.065625 0.115625
0 0.43515625 0.7734375 0.0890625 0.1359375
0 0.534375 0.67578125 0.078125 0.125
0 0.5859375 0.478125 0.0734375 0.10625
0 0.59453125 0.6203125 0.075 0.1109375
0 0.62265625 0.525 0.06875 0.115625
0 0.528125 0.5140625 0.0625 0.1375