0 0.28671875 0.68671875 0.121875 0.096875
0 0.80859375 0.9625 0.0765625 0.075
0 0.80546875 0.80078125 0.08125 0.0640625
0 0.89765625 0.796875 0.0421875 0.04375
0 0.91875 0.75078125 0.0421875 0.0421875
0 0.8078125 0.5671875 0.0921875 0.078125
0 0.84296875 0.42890625 0.096875 0.0734375
0 0.93671875 0.34453125 0.084375 0.075
0 0.90078125 0.50234375 0.0890625 0.0703125
0 0.971875 0.609375 0.05625 0.05625
0 0.91640625 0.690625 0.06875 0.05625
0 0.94296875 0.7 0.0375 0.0390625
0 0.95078125 0.67265625 0.0421875 0.0390625