0 0.79453125 0.5234375 0.1046875 0.125
0 0.75703125 0.0171875 0.0796875 0.034375
0 0.46484375 0.10390625 0.0703125 0.08125
0 0.321875 0.284375 0.0640625 0.078125
0 0.2078125 0.271875 0.0625 0.0734375
0 0.20625 0.3640625 0.0625 0.0734375
0 0.08515625 0.37109375 0.0671875 0.0796875
0 0.215625 0.140625 0.0625 0.078125
0 0.3125 0.12265625 0.0578125 0.0640625
0 0.3890625 0.04375 0.0515625 0.0625
0 0.34453125 0.065625 0.0515625 0.0640625
0 0.275 0.10625 0.0484375 0.0609375
0 0.29296875 0.084375 0.0484375 0.0625