0 0.33359375 0.6515625 0.03125 0.0390625
0 0.41953125 0.88984375 0.034375 0.0453125
0 0.59609375 0.7765625 0.0328125 0.0421875
0 0.46015625 0.55390625 0.028125 0.0375
0 0.47421875 0.50546875 0.028125 0.03125
0 0.4875 0.540625 0.025 0.0328125
0 0.56796875 0.50859375 0.0234375 0.0328125
0 0.40625 0.33046875 0.0203125 0.0265625
0 0.14765625 0.51640625 0.03125 0.0390625
0 0.05078125 0.53125 0.034375 0.0453125
0 0.54375 0.35390625 0.0203125 0.028125
0 0.290625 0.29765625 0.025 0.03125
0 0.31171875 0.25703125 0.025 0.03125
0 0.3609375 0.26328125 0.0234375 0.0296875
0 0.396875 0.26953125 0.0234375 0.028125
0 0.43203125 0.29453125 0.0234375 0.0328125
0 0.47890625 0.32890625 0.021875 0.0296875
0 0.51015625 0.34609375 0.025 0.03125
0 0.4984375 0.3140625 0.021875 0.0296875
0 0.45859375 0.29296875 0.01875 0.0234375
0 0.33046875 0.23828125 0.01875 0.0234375