0 0.47578125 0.53359375 0.4265625 0.2390625
0 0.8203125 0.41484375 0.2328125 0.1375
0 0.42578125 0.390625 0.153125 0.075
0 0.05546875 0.3484375 0.0671875 0.034375
0 0.103125 0.34921875 0.0421875 0.025
0 0.1546875 0.34765625 0.0625 0.025
0 0.24375 0.3453125 0.0390625 0.0296875
0 0.20390625 0.34609375 0.0484375 0.025
0 0.309375 0.34296875 0.05 0.0234375
0 0.49453125 0.3390625 0.04375 0.028125
0 0.37421875 0.340625 0.0375 0.028125
0 0.34296875 0.3453125 0.0515625 0.0296875
0 0.4140625 0.34765625 0.0625 0.0234375