0 0.48359375 0.78203125 0.11875 0.096875
0 0.984375 0.765625 0.03125 0.075
0 0.98984375 0.5734375 0.0203125 0.090625
0 0.896875 0.4765625 0.078125 0.0625
0 0.9640625 0.4015625 0.06875 0.05625
0 0.9421875 0.35859375 0.0640625 0.0515625
0 0.7265625 0.3265625 0.0890625 0.075
0 0.64765625 0.2125 0.09375 0.0703125
0 0.64609375 0.090625 0.0828125 0.0734375
0 0.7390625 0.2171875 0.084375 0.06875
0 0.8703125 0.22890625 0.0703125 0.0609375
0 0.8859375 0.325 0.06875 0.05625
0 0.9203125 0.30859375 0.059375 0.05
0 0.90390625 0.28515625 0.0625 0.05