0 0.3296875 0.41953125 0.03125 0.01875
0 0.153125 0.57734375 0.0375 0.01875
0 0.3140625 0.6921875 0.0359375 0.01875
0 0.459375 0.4953125 0.03125 0.015625
0 0.50625 0.490625 0.0234375 0.01875
0 0.48046875 0.51484375 0.028125 0.015625
0 0.53671875 0.5734375 0.028125 0.0125
0 0.634375 0.3703125 0.021875 0.0125
0 0.3828125 0.2109375 0.03125 0.01875
0 0.3359375 0.13125 0.0375 0.01875
0 0.6625 0.49765625 0.0234375 0.0125
0 0.62265625 0.2578125 0.025 0.015625
0 0.665625 0.26171875 0.025 0.0140625
0 0.67734375 0.30703125 0.0234375 0.015625
0 0.684375 0.340625 0.021875 0.0140625
0 0.675 0.3796875 0.028125 0.0125
0 0.66171875 0.4328125 0.025 0.0125
0 0.65703125 0.465625 0.025 0.015625
0 0.68125 0.44453125 0.025 0.0125
0 0.6859375 0.40234375 0.01875 0.0125
0 0.68828125 0.27109375 0.01875 0.0125