0 0.59609375 0.33828125 0.0375 0.0640625
0 0.37734375 0.2171875 0.0359375 0.059375
0 0.228125 0.1140625 0.034375 0.05625
0 0.03984375 0.21484375 0.04375 0.0671875
0 0.23828125 0.8625 0.05625 0.1
0 0.42109375 0.1109375 0.0328125 0.05625
0 0.4703125 0.11640625 0.0328125 0.053125
0 0.628125 0.1359375 0.0328125 0.053125
0 0.70234375 0.275 0.0375 0.0640625
0 0.7484375 0.375 0.0390625 0.0609375
0 0.8734375 0.32734375 0.040625 0.0609375
0 0.53046875 0.16015625 0.0265625 0.053125
0 0.55625 0.12578125 0.0265625 0.0484375
0 0.53046875 0.11796875 0.0265625 0.046875