0 0.32890625 0.659375 0.0390625 0.03125
0 0.08359375 0.57109375 0.046875 0.034375
0 0.20078125 0.3875 0.0453125 0.034375
0 0.4296875 0.528125 0.0390625 0.028125
0 0.4796875 0.5140625 0.03125 0.028125
0 0.44375 0.5 0.0359375 0.028125
0 0.4765625 0.4171875 0.034375 0.025
0 0.66015625 0.58359375 0.028125 0.021875
0 0.46875 0.85 0.0390625 0.03125
0 0.45390625 0.95 0.0453125 0.034375
0 0.6359375 0.4421875 0.028125 0.021875
0 0.69375 0.703125 0.0328125 0.0265625
0 0.73671875 0.68125 0.03125 0.025
0 0.7296875 0.63046875 0.0296875 0.025
0 0.7234375 0.59375 0.0296875 0.0234375
0 0.69765625 0.5578125 0.034375 0.025
0 0.66171875 0.50859375 0.03125 0.0234375
0 0.64375 0.47734375 0.0328125 0.0265625
0 0.67734375 0.48828125 0.03125 0.0234375
0 0.69921875 0.5296875 0.0234375 0.0203125
0 0.75546875 0.66328125 0.0234375 0.0203125