0 0.0296875 0.19453125 0.059375 0.0703125
0 0.88203125 0.20234375 0.071875 0.046875
0 0.76953125 0.36171875 0.071875 0.0359375
0 0.8828125 0.41171875 0.0875 0.05
0 0.88671875 0.46484375 0.075 0.034375
0 0.83203125 0.52890625 0.065625 0.0375
0 0.8796875 0.528125 0.05625 0.0296875
0 0.871875 0.55625 0.0609375 0.028125
0 0.86171875 0.63359375 0.053125 0.034375
0 0.62890625 0.60390625 0.08125 0.04375
0 0.70546875 0.71796875 0.08125 0.0421875
0 0.58671875 0.7671875 0.084375 0.0484375
0 0.64765625 0.89921875 0.075 0.0421875