0 0.40546875 0.16796875 0.109375 0.0921875
0 0.98671875 0.23359375 0.0265625 0.0703125
0 0.9921875 0.4421875 0.015625 0.0625
0 0.86484375 0.53671875 0.0765625 0.065625
0 0.93359375 0.61953125 0.0625 0.0546875
0 0.90859375 0.6625 0.0625 0.0546875
0 0.6703125 0.68359375 0.071875 0.059375
0 0.82421875 0.79453125 0.06875 0.0578125
0 0.678125 0.803125 0.078125 0.0640625
0 0.575 0.8015625 0.075 0.0625
0 0.56328125 0.93046875 0.0875 0.071875
0 0.84296875 0.69765625 0.059375 0.05
0 0.86484375 0.7359375 0.059375 0.0484375
0 0.88203125 0.7140625 0.0578125 0.0484375