0 0.625 0.75625 0.1 0.05625
0 0.15234375 0.96015625 0.08125 0.040625
0 0.0640625 0.796875 0.075 0.0578125
0 0.13984375 0.6578125 0.0671875 0.0359375
0 0.05078125 0.6203125 0.05625 0.0328125
0 0.05234375 0.5734375 0.053125 0.0296875
0 0.2265625 0.4578125 0.071875 0.046875
0 0.24921875 0.3265625 0.08125 0.0375
0 0.2015625 0.21953125 0.065625 0.046875
0 0.171875 0.3671875 0.071875 0.0390625
0 0.0625 0.43125 0.05625 0.0375
0 0.0875 0.521875 0.05625 0.0328125
0 0.05078125 0.52109375 0.05 0.028125
0 0.05546875 0.49375 0.053125 0.0265625