0 0.665625 0.40234375 0.0640625 0.075
0 0.53125 0.1875 0.0609375 0.0703125
0 0.44921875 0.028125 0.0578125 0.05625
0 0.2328125 0.03046875 0.071875 0.0609375
0 0.09140625 0.69140625 0.0984375 0.115625
0 0.621875 0.115625 0.0546875 0.0640625
0 0.66328125 0.14453125 0.05625 0.0625
0 0.79296875 0.2390625 0.05625 0.0625
0 0.790625 0.3984375 0.0640625 0.075
0 0.78203125 0.51015625 0.065625 0.075
0 0.91640625 0.52890625 0.065625 0.075
0 0.69453125 0.21171875 0.0484375 0.059375
0 0.734375 0.19453125 0.046875 0.05625
0 0.71484375 0.175 0.0453125 0.053125