0 0.66484375 0.878125 0.134375 0.109375
0 0.0359375 0.784375 0.071875 0.090625
0 0.0234375 0.56953125 0.046875 0.0640625
0 0.16640625 0.48359375 0.0890625 0.0734375
0 0.0953125 0.39453125 0.0890625 0.0703125
0 0.125 0.353125 0.0828125 0.06875
0 0.3734375 0.3375 0.096875 0.0796875
0 0.47578125 0.2171875 0.090625 0.075
0 0.48671875 0.08125 0.1 0.084375
0 0.36953125 0.2125 0.0921875 0.078125
0 0.21015625 0.2203125 0.090625 0.0765625
0 0.190625 0.32265625 0.078125 0.0671875
0 0.1484375 0.30078125 0.0609375 0.05
0 0.16796875 0.27734375 0.071875 0.0546875