0 0.41953125 0.6703125 0.01875 0.0328125
0 0.57734375 0.846875 0.0203125 0.0375
0 0.6921875 0.6859375 0.01875 0.0359375
0 0.4953125 0.540625 0.0171875 0.03125
0 0.490625 0.49375 0.01875 0.0234375
0 0.51484375 0.51953125 0.015625 0.028125
0 0.5734375 0.46328125 0.0125 0.028125
0 0.3703125 0.365625 0.0125 0.0234375
0 0.2109375 0.6171875 0.01875 0.0328125
0 0.13125 0.6640625 0.01875 0.0375
0 0.49765625 0.3375 0.0140625 0.0234375
0 0.2578125 0.37734375 0.015625 0.025
0 0.26171875 0.334375 0.0140625 0.025
0 0.30703125 0.32265625 0.015625 0.0234375
0 0.340625 0.315625 0.0140625 0.021875
0 0.3796875 0.325 0.0140625 0.028125
0 0.4328125 0.33828125 0.0125 0.025
0 0.465625 0.34296875 0.015625 0.0234375
0 0.44453125 0.31875 0.0140625 0.0234375
0 0.40234375 0.3140625 0.0125 0.0203125
0 0.27109375 0.31171875 0.0140625 0.01875