0 0.5046875 0.31015625 0.03125 0.0390625
0 0.728125 0.21953125 0.034375 0.0421875
0 0.7609375 0.4171875 0.0328125 0.0421875
0 0.51640625 0.46171875 0.0296875 0.0359375
0 0.49140625 0.503125 0.0265625 0.0296875
0 0.525 0.490625 0.0265625 0.0328125
0 0.55390625 0.56796875 0.0234375 0.03125
0 0.32421875 0.56640625 0.021875 0.0265625
0 0.290625 0.265625 0.03125 0.0390625
0 0.2390625 0.1875 0.034375 0.04375
0 0.428125 0.6484375 0.0234375 0.0265625
0 0.22734375 0.50546875 0.025 0.0296875
0 0.21171875 0.54609375 0.0234375 0.028125
0 0.24765625 0.57734375 0.025 0.028125
0 0.275 0.59921875 0.021875 0.0265625
0 0.31484375 0.6078125 0.025 0.03125
0 0.36953125 0.61875 0.021875 0.028125
0 0.4015625 0.62890625 0.025 0.028125
0 0.37109375 0.6421875 0.0234375 0.0265625
0 0.33046875 0.628125 0.0203125 0.0234375
0 0.209375 0.57109375 0.0203125 0.0234375