0 0.02890625 0.17109375 0.0578125 0.0765625
0 0.93515625 0.16328125 0.078125 0.0515625
0 0.81796875 0.33515625 0.0765625 0.0390625
0 0.93984375 0.38671875 0.0953125 0.0546875
0 0.9453125 0.44296875 0.0796875 0.0390625
0 0.8875 0.5125 0.0703125 0.0421875
0 0.93828125 0.51015625 0.059375 0.0328125
0 0.93046875 0.540625 0.065625 0.03125
0 0.921875 0.6234375 0.05625 0.0390625
0 0.67265625 0.59609375 0.0890625 0.0484375
0 0.75625 0.71640625 0.0875 0.046875
0 0.63046875 0.77109375 0.0921875 0.053125
0 0.69765625 0.9109375 0.0796875 0.046875