0 0.24375 0.625 0.05625 0.1
0 0.03984375 0.15234375 0.040625 0.0828125
0 0.203125 0.0640625 0.059375 0.0765625
0 0.3421875 0.13984375 0.0359375 0.0671875
0 0.3796875 0.05078125 0.0328125 0.0578125
0 0.4265625 0.05234375 0.0296875 0.0546875
0 0.5421875 0.2265625 0.046875 0.071875
0 0.6734375 0.24921875 0.0375 0.08125
0 0.78046875 0.2015625 0.046875 0.065625
0 0.6328125 0.171875 0.0390625 0.071875
0 0.56875 0.0625 0.0375 0.05625
0 0.478125 0.0875 0.0328125 0.05625
0 0.47890625 0.05078125 0.0296875 0.05
0 0.50625 0.05546875 0.0265625 0.053125