0 0.1171875 0.396875 0.234375 0.25
0 0.51171875 0.4578125 0.215625 0.178125
0 0.9390625 0.540625 0.109375 0.0921875
0 0.28125 0.3171875 0.1453125 0.1109375
0 0.359375 0.30625 0.090625 0.0625
0 0.4703125 0.33125 0.059375 0.04375
0 0.365625 0.2875 0.034375 0.03125
0 0.33828125 0.27734375 0.0390625 0.0359375
0 0.3015625 0.26484375 0.03125 0.0296875
0 0.2328125 0.23984375 0.0328125 0.028125
0 0.1609375 0.21015625 0.05625 0.0484375
0 0.11484375 0.1890625 0.0515625 0.04375
0 0.209375 0.23125 0.046875 0.0453125