0 0.55234375 0.11171875 0.2453125 0.2234375
0 0.51953125 0.5109375 0.171875 0.2125
0 0.46484375 0.94609375 0.0890625 0.1078125
0 0.64375 0.26875 0.1046875 0.1453125
0 0.6609375 0.34609375 0.05625 0.090625
0 0.64296875 0.4609375 0.0421875 0.059375
0 0.6796875 0.35234375 0.0296875 0.034375
0 0.68828125 0.3234375 0.034375 0.0375
0 0.6984375 0.28515625 0.028125 0.03125
0 0.71875 0.2140625 0.0265625 0.0328125
0 0.74375 0.13984375 0.0453125 0.05625
0 0.76171875 0.0921875 0.040625 0.05
0 0.725 0.1890625 0.0421875 0.046875