0 0.61953125 0.61796875 0.075 0.0515625
0 0.78671875 0.40390625 0.06875 0.0484375
0 0.921875 0.26171875 0.065625 0.046875
0 0.84375 0.05703125 0.0734375 0.028125
0 0.11875 0.1453125 0.1171875 0.0765625
0 0.8921875 0.46875 0.065625 0.0453125
0 0.87890625 0.5203125 0.0625 0.0453125
0 0.83125 0.6859375 0.0625 0.0453125
0 0.66953125 0.7421875 0.075 0.0515625
0 0.5546875 0.77421875 0.071875 0.0515625
0 0.584375 0.91640625 0.071875 0.053125
0 0.82109375 0.578125 0.0609375 0.0375
0 0.85390625 0.6109375 0.05625 0.0359375
0 0.8671875 0.58515625 0.053125 0.0359375