0 0.3578125 0.37578125 0.0296875 0.0359375
0 0.43984375 0.1484375 0.03125 0.0421875
0 0.61015625 0.2578125 0.03125 0.0421875
0 0.4796875 0.4703125 0.0265625 0.034375
0 0.49296875 0.51640625 0.0265625 0.0296875
0 0.50625 0.48359375 0.025 0.03125
0 0.5828125 0.51328125 0.021875 0.03125
0 0.428125 0.684375 0.0203125 0.025
0 0.18046875 0.50703125 0.0296875 0.0359375
0 0.08671875 0.49296875 0.03125 0.0421875
0 0.559375 0.6625 0.0203125 0.028125
0 0.3171875 0.71640625 0.0234375 0.0296875
0 0.33671875 0.75546875 0.021875 0.028125
0 0.384375 0.74921875 0.0234375 0.0296875
0 0.41875 0.74296875 0.021875 0.025
0 0.45234375 0.71875 0.021875 0.03125
0 0.49765625 0.6859375 0.0203125 0.028125
0 0.52734375 0.66953125 0.0234375 0.0296875
0 0.515625 0.7 0.0203125 0.028125
0 0.478125 0.72109375 0.01875 0.021875
0 0.3546875 0.7734375 0.01875 0.021875