0 0.4953125 0.55546875 0.5109375 0.4203125
0 0.2265625 0.2859375 0.2828125 0.2359375
0 0.6078125 0.44375 0.178125 0.140625
0 0.96796875 0.5734375 0.0640625 0.0625
0 0.93046875 0.55234375 0.05 0.0421875
0 0.8828125 0.52734375 0.0703125 0.053125
0 0.8 0.48515625 0.05 0.0453125
0 0.8375 0.50390625 0.05625 0.04375
0 0.73984375 0.45234375 0.059375 0.0453125
0 0.5671875 0.36328125 0.0546875 0.046875
0 0.6796875 0.4203125 0.0484375 0.04375
0 0.70703125 0.4390625 0.0609375 0.0515625
0 0.6390625 0.40859375 0.0703125 0.0515625