0 0.790625 0.196875 0.128125 0.075
0 0.13203125 0.046875 0.1015625 0.0390625
0 0.03984375 0.2390625 0.071875 0.046875
0 0.15703125 0.3828125 0.084375 0.05
0 0.05390625 0.43984375 0.0859375 0.0484375
0 0.06640625 0.49140625 0.0796875 0.046875
0 0.29921875 0.60390625 0.090625 0.0546875
0 0.35078125 0.75859375 0.0859375 0.0546875
0 0.309375 0.89375 0.0953125 0.0609375
0 0.24765625 0.721875 0.0859375 0.0546875
0 0.09765625 0.653125 0.0859375 0.0546875
0 0.11796875 0.54609375 0.071875 0.0484375
0 0.06953125 0.55078125 0.059375 0.0359375
0 0.078125 0.58046875 0.0703125 0.034375