0 0.41015625 0.3328125 0.0390625 0.0671875
0 0.63515625 0.21875 0.0375 0.0609375
0 0.78828125 0.1203125 0.0359375 0.0578125
0 0.975 0.228125 0.046875 0.0703125
0 0.75234375 0.87265625 0.059375 0.1015625
0 0.59453125 0.11015625 0.0328125 0.0578125
0 0.54453125 0.1140625 0.034375 0.0546875
0 0.3859375 0.128125 0.034375 0.0546875
0 0.30546875 0.26484375 0.0390625 0.0671875
0 0.25625 0.3640625 0.040625 0.0625
0 0.13203125 0.31171875 0.0421875 0.0625
0 0.4828125 0.15546875 0.028125 0.0546875
0 0.45859375 0.1203125 0.0265625 0.05
0 0.484375 0.11328125 0.0265625 0.0484375