0 0.82578125 0.21953125 0.125 0.06875
0 0.18984375 0.00390625 0.0984375 0.0078125
0 0.075 0.16953125 0.0703125 0.04375
0 0.17421875 0.3265625 0.0828125 0.046875
0 0.06484375 0.37109375 0.084375 0.04375
0 0.07109375 0.42421875 0.078125 0.04375
0 0.28828125 0.56328125 0.0890625 0.05
0 0.32109375 0.7234375 0.084375 0.05
0 0.26328125 0.85234375 0.0921875 0.05625
0 0.22265625 0.67421875 0.084375 0.05
0 0.0828125 0.58671875 0.0828125 0.05
0 0.115625 0.484375 0.0703125 0.0453125
0 0.06640625 0.48359375 0.0578125 0.0328125
0 0.071875 0.5140625 0.0703125 0.03125