0 0.74609375 0.65078125 0.0765625 0.1171875
0 0.99375 0.16484375 0.0125 0.0984375
0 0.85234375 0.0546875 0.0484375 0.0453125
0 0.696875 0.10546875 0.0546875 0.0765625
0 0.47265625 0.18046875 0.0453125 0.075
0 0.38125 0.10625 0.0453125 0.06875
0 0.328125 0.184375 0.0453125 0.06875
0 0.2203125 0.1234375 0.0515625 0.0765625
0 0.459375 0.01640625 0.040625 0.0328125
0 0.5546875 0.03671875 0.0453125 0.0578125
0 0.6625 0.02578125 0.03125 0.0265625
0 0.61171875 0.02109375 0.0328125 0.0265625
0 0.5296875 0.015625 0.028125 0.03125
0 0.55703125 0.01171875 0.0296875 0.0203125