0 0.08671875 0.92890625 0.0796875 0.0578125
0 0.2078125 0.03203125 0.059375 0.0640625
0 0.36328125 0.1640625 0.0484375 0.0828125
0 0.43203125 0.04921875 0.0640625 0.0984375
0 0.48984375 0.0515625 0.046875 0.0859375
0 0.55078125 0.11875 0.0484375 0.0765625
0 0.55625 0.06796875 0.0390625 0.0640625
0 0.58515625 0.0796875 0.0390625 0.06875
0 0.6671875 0.10078125 0.04375 0.0625
0 0.6046875 0.346875 0.0578125 0.0921875
0 0.7375 0.2796875 0.05625 0.0921875
0 0.77421875 0.4140625 0.0640625 0.096875
0 0.92421875 0.365625 0.0546875 0.0859375