0 0.93359375 0.865625 0.08125 0.109375
0 0.09140625 0.79921875 0.1 0.05625
0 0.21875 0.63828125 0.0921875 0.0671875
0 0.096875 0.5796875 0.08125 0.053125
0 0.1109375 0.5234375 0.0765625 0.05625
0 0.384375 0.40078125 0.0875 0.0515625
0 0.4453125 0.2296875 0.096875 0.0515625
0 0.39609375 0.0828125 0.1015625 0.0609375
0 0.32265625 0.2734375 0.0875 0.0625
0 0.15 0.3421875 0.090625 0.0578125
0 0.13203125 0.42578125 0.06875 0.0390625
0 0.121875 0.4546875 0.06875 0.040625
0 0.16796875 0.459375 0.0734375 0.04375