0 0.08359375 0.2234375 0.13125 0.09375
0 0.78359375 0.0234375 0.0953125 0.046875
0 0.8859375 0.2171875 0.0875 0.04375
0 0.7828125 0.37265625 0.0796875 0.053125
0 0.89765625 0.415625 0.0703125 0.0421875
0 0.88984375 0.46875 0.065625 0.04375
0 0.65234375 0.6015625 0.0765625 0.040625
0 0.61015625 0.7609375 0.0859375 0.040625
0 0.66640625 0.88984375 0.0875 0.0484375
0 0.7171875 0.71171875 0.075 0.05
0 0.86875 0.63515625 0.078125 0.0453125
0 0.87890625 0.55859375 0.059375 0.028125
0 0.88515625 0.53203125 0.059375 0.03125
0 0.84296875 0.53125 0.0625 0.034375