0 0.76484375 0.659375 0.0703125 0.1203125
0 0.9875 0.13671875 0.025 0.0796875
0 0.8265625 0.04375 0.0484375 0.0671875
0 0.67578125 0.12109375 0.05 0.0953125
0 0.45859375 0.2125 0.04375 0.0859375
0 0.31796875 0.2359375 0.053125 0.0890625
0 0.20390625 0.1796875 0.053125 0.075
0 0.365625 0.15078125 0.04375 0.071875
0 0.43984375 0.03359375 0.0484375 0.0609375
0 0.63984375 0.028125 0.0421875 0.0484375
0 0.58984375 0.028125 0.0390625 0.0515625
0 0.53046875 0.05859375 0.0421875 0.0578125
0 0.534375 0.0234375 0.03125 0.046875
0 0.50546875 0.025 0.0296875 0.05