0 0.08046875 0.16953125 0.121875 0.1
0 0.16640625 0.9328125 0.084375 0.115625
0 0.40546875 0.95 0.0828125 0.1
0 0.5203125 0.78203125 0.0890625 0.103125
0 0.6140625 0.88125 0.0734375 0.090625
0 0.66484375 0.84921875 0.0734375 0.0859375
0 0.6984375 0.54921875 0.075 0.0953125
0 0.84296875 0.43671875 0.078125 0.1046875
0 0.97734375 0.440625 0.0453125 0.10625
0 0.8390625 0.5671875 0.084375 0.1
0 0.8265625 0.75546875 0.0796875 0.1
0 0.75234375 0.79921875 0.05625 0.0734375
0 0.728125 0.8171875 0.0578125 0.0734375
0 0.709375 0.77421875 0.0640625 0.08125