0 0.23515625 0.6328125 0.059375 0.1015625
0 0.0359375 0.16484375 0.040625 0.0859375
0 0.19453125 0.06640625 0.040625 0.065625
0 0.33203125 0.140625 0.040625 0.065625
0 0.52890625 0.23046875 0.034375 0.065625
0 0.61953125 0.171875 0.0359375 0.059375
0 0.66015625 0.24765625 0.0359375 0.059375
0 0.7640625 0.20234375 0.0390625 0.065625
0 0.55625 0.06484375 0.034375 0.065625
0 0.46796875 0.09140625 0.0359375 0.05
0 0.36953125 0.0578125 0.028125 0.0515625
0 0.41640625 0.05703125 0.028125 0.053125
0 0.4921875 0.0609375 0.0234375 0.053125
0 0.46796875 0.05078125 0.025 0.053125