0 0.62890625 0.3328125 0.04375 0.0703125
0 0.403125 0.1921875 0.040625 0.0640625
0 0.25078125 0.075 0.040625 0.0609375
0 0.0453125 0.17109375 0.05 0.075
0 0.2203125 0.86953125 0.065625 0.109375
0 0.45625 0.08125 0.0375 0.0609375
0 0.5078125 0.090625 0.0375 0.0578125
0 0.675 0.11953125 0.0375 0.0578125
0 0.74609375 0.271875 0.04375 0.0703125
0 0.7890625 0.38046875 0.04375 0.0671875
0 0.925 0.33671875 0.046875 0.0671875
0 0.56953125 0.13984375 0.03125 0.0578125
0 0.59921875 0.10546875 0.03125 0.053125
0 0.571875 0.0953125 0.03125 0.0515625