0 0.53125 0.48828125 0.390625 0.503125
0 0.2875 0.778125 0.2203125 0.278125
0 0.41171875 0.38671875 0.1296875 0.1765625
0 0.50859375 0.025 0.0578125 0.05
0 0.49140625 0.0578125 0.0390625 0.05
0 0.4703125 0.1078125 0.046875 0.0703125
0 0.43515625 0.19296875 0.04375 0.0484375
0 0.45078125 0.1546875 0.040625 0.05625
0 0.40859375 0.25625 0.0421875 0.0578125
0 0.3359375 0.434375 0.0421875 0.053125
0 0.38203125 0.31875 0.040625 0.046875
0 0.3984375 0.2890625 0.0484375 0.0609375
0 0.37421875 0.359375 0.046875 0.0703125