0 0.2234375 0.91640625 0.09375 0.1328125
0 0.0234375 0.21640625 0.046875 0.0953125
0 0.2171875 0.1140625 0.04375 0.0875
0 0.37265625 0.2171875 0.053125 0.0796875
0 0.415625 0.10234375 0.0421875 0.0703125
0 0.46875 0.11015625 0.0453125 0.065625
0 0.6015625 0.34765625 0.040625 0.0765625
0 0.7609375 0.38984375 0.0390625 0.0859375
0 0.88984375 0.33359375 0.0484375 0.0875
0 0.71171875 0.2828125 0.0515625 0.075
0 0.63515625 0.13125 0.0453125 0.078125
0 0.55859375 0.12109375 0.0296875 0.059375
0 0.53203125 0.11484375 0.03125 0.059375
0 0.53125 0.15703125 0.034375 0.0640625