0 0.1765625 0.01796875 0.075 0.0359375
0 0.1546875 0.89609375 0.053125 0.0765625
0 0.32578125 0.78359375 0.040625 0.0765625
0 0.37421875 0.9046875 0.05625 0.0921875
0 0.4296875 0.91015625 0.0390625 0.0796875
0 0.4984375 0.85546875 0.0421875 0.0703125
0 0.49609375 0.90546875 0.0328125 0.0609375
0 0.525 0.89765625 0.03125 0.065625
0 0.60703125 0.890625 0.0375 0.0578125
0 0.584375 0.64609375 0.05 0.0859375
0 0.70078125 0.7296875 0.046875 0.0859375
0 0.75625 0.60859375 0.053125 0.0890625
0 0.89140625 0.6765625 0.046875 0.0796875