0 0.5390625 0.690625 0.025 0.034375
0 0.33984375 0.83125 0.0265625 0.040625
0 0.2625 0.64296875 0.0265625 0.040625
0 0.49296875 0.54296875 0.021875 0.034375
0 0.50859375 0.496875 0.0234375 0.028125
0 0.478125 0.5171875 0.021875 0.03125
0 0.4328125 0.44765625 0.01875 0.0296875
0 0.659375 0.396875 0.0171875 0.0234375
0 0.7609375 0.68515625 0.025 0.034375
0 0.83046875 0.75078125 0.0265625 0.040625
0 0.53828125 0.3390625 0.0171875 0.0265625
0 0.76953125 0.434375 0.0203125 0.028125
0 0.77578125 0.390625 0.0203125 0.028125
0 0.7328125 0.36796875 0.0203125 0.028125
0 0.70078125 0.353125 0.0203125 0.025
0 0.65859375 0.35390625 0.01875 0.0296875
0 0.60234375 0.3546875 0.0171875 0.0265625
0 0.56875 0.3515625 0.0203125 0.028125
0 0.5953125 0.33203125 0.0171875 0.0265625
0 0.6390625 0.3375 0.015625 0.0203125
0 0.77109375 0.365625 0.015625 0.0203125