0 0.10390625 0.3953125 0.1140625 0.0984375
0 0.70546875 0.02734375 0.0765625 0.0546875
0 0.6953125 0.21328125 0.08125 0.0703125
0 0.80703125 0.2015625 0.065625 0.0578125
0 0.8296875 0.2484375 0.0671875 0.059375
0 0.7078125 0.46796875 0.075 0.0640625
0 0.8953125 0.39921875 0.071875 0.0609375
0 0.81640625 0.53203125 0.0828125 0.0703125
0 0.7546875 0.61953125 0.0796875 0.06875
0 0.86015625 0.70625 0.0921875 0.078125
0 0.82109375 0.32578125 0.0625 0.05625
0 0.8671875 0.3296875 0.0609375 0.0515625
0 0.859375 0.3015625 0.0609375 0.053125