0 0.715625 0.2890625 0.096875 0.1234375
0 0.96875 0.8203125 0.0625 0.06875
0 0.81328125 0.81484375 0.0640625 0.0828125
0 0.8046875 0.90390625 0.040625 0.034375
0 0.7578125 0.92265625 0.0375 0.0328125
0 0.57734375 0.809375 0.075 0.090625
0 0.43671875 0.83984375 0.0703125 0.096875
0 0.34921875 0.93125 0.0734375 0.0859375
0 0.50859375 0.90078125 0.0671875 0.0875
0 0.61328125 0.9734375 0.0515625 0.05
0 0.69765625 0.9234375 0.0546875 0.06875
0 0.70546875 0.9453125 0.0359375 0.03125
0 0.67578125 0.95390625 0.0375 0.0359375