0 0.8515625 0.9421875 0.078125 0.0890625
0 0.01875 0.6546875 0.0375 0.071875
0 0.1609375 0.53046875 0.084375 0.059375
0 0.0625 0.4421875 0.10625 0.0796875
0 0.0765625 0.3875 0.0875 0.0609375
0 0.15234375 0.34140625 0.0796875 0.0609375
0 0.10390625 0.32578125 0.065625 0.0484375
0 0.12109375 0.3 0.071875 0.0484375
0 0.15703125 0.225 0.065625 0.053125
0 0.3828125 0.33203125 0.0984375 0.071875
0 0.3421875 0.190625 0.096875 0.06875
0 0.47890625 0.18046875 0.1015625 0.0765625
0 0.46015625 0.0296875 0.0890625 0.059375