0 0.2578125 0.7921875 0.059375 0.1140625
0 0.05546875 0.20078125 0.0515625 0.090625
0 0.2359375 0.1 0.0375 0.0625
0 0.37734375 0.19609375 0.040625 0.075
0 0.421875 0.096875 0.0375 0.0765625
0 0.4703125 0.10390625 0.0375 0.0703125
0 0.59140625 0.30859375 0.04375 0.08125
0 0.73828125 0.34375 0.0421875 0.0765625
0 0.85859375 0.29453125 0.0484375 0.084375
0 0.69609375 0.2515625 0.04375 0.0765625
0 0.6203125 0.11953125 0.04375 0.075
0 0.52421875 0.146875 0.0390625 0.0640625
0 0.525 0.1015625 0.028125 0.0515625
0 0.553125 0.1078125 0.0265625 0.0625