0 0.440625 0.51796875 0.4328125 0.5203125
0 0.7203125 0.78828125 0.24375 0.2875
0 0.55234375 0.4015625 0.1453125 0.18125
0 0.4125 0.034375 0.065625 0.06875
0 0.4359375 0.07421875 0.04375 0.053125
0 0.4625 0.12265625 0.053125 0.0703125
0 0.50703125 0.20625 0.046875 0.05
0 0.4875 0.16875 0.046875 0.0578125
0 0.54140625 0.26796875 0.046875 0.059375
0 0.63515625 0.44140625 0.0484375 0.0546875
0 0.575 0.32734375 0.0453125 0.05
0 0.55546875 0.30078125 0.053125 0.0625
0 0.5875 0.36953125 0.0515625 0.0703125