0 0.53515625 0.52734375 0.49375 0.378125
0 0.1625 0.53359375 0.271875 0.2140625
0 0.5328125 0.37265625 0.1734375 0.125
0 0.87421875 0.20234375 0.0765625 0.05625
0 0.828125 0.2203125 0.05 0.0390625
0 0.778125 0.23671875 0.06875 0.046875
0 0.69140625 0.265625 0.0484375 0.04375
0 0.7296875 0.25234375 0.05625 0.040625
0 0.62734375 0.28671875 0.05625 0.040625
0 0.4484375 0.346875 0.05 0.040625
0 0.56484375 0.30703125 0.0453125 0.0390625
0 0.59609375 0.30078125 0.0609375 0.046875
0 0.52890625 0.32734375 0.06875 0.0453125