0 0.26484375 0.70390625 0.1203125 0.0921875
0 0.81640625 0.928125 0.078125 0.0625
0 0.7875 0.76640625 0.078125 0.0625
0 0.76171875 0.540625 0.0765625 0.0546875
0 0.84921875 0.46953125 0.0703125 0.0546875
0 0.7875 0.4046875 0.0703125 0.0546875
0 0.865625 0.315625 0.078125 0.059375
0 0.9359375 0.56796875 0.0765625 0.0546875
0 0.88046875 0.646875 0.0625 0.0515625
0 0.88203125 0.75625 0.059375 0.0453125
0 0.8984375 0.71015625 0.0625 0.0453125
0 0.91875 0.6328125 0.0609375 0.040625
0 0.92109375 0.66015625 0.0609375 0.0421875