0 0.78203125 0.9328125 0.1109375 0.134375
0 0.83671875 0.059375 0.053125 0.0875
0 0.6578125 0.15703125 0.0640625 0.090625
0 0.6171875 0.0359375 0.05 0.0640625
0 0.5578125 0.03671875 0.0515625 0.071875
0 0.39609375 0.2890625 0.05 0.0859375
0 0.2171875 0.3265625 0.05 0.096875
0 0.07734375 0.25625 0.0578125 0.1
0 0.278125 0.21015625 0.0609375 0.0875
0 0.371875 0.046875 0.0546875 0.090625
0 0.45703125 0.0390625 0.034375 0.0671875
0 0.48671875 0.034375 0.0375 0.0671875
0 0.48515625 0.08125 0.040625 0.0703125