0 0.6265625 0.08828125 0.1109375 0.1421875
0 0.9609375 0.78125 0.065625 0.0796875
0 0.77421875 0.74765625 0.075 0.0953125
0 0.77421875 0.86796875 0.071875 0.09375
0 0.721875 0.8828125 0.06875 0.0875
0 0.50625 0.7296875 0.08125 0.103125
0 0.34140625 0.76015625 0.0765625 0.096875
0 0.24140625 0.86484375 0.0859375 0.1078125
0 0.42578125 0.83515625 0.078125 0.096875
0 0.5625 0.934375 0.078125 0.096875
0 0.64765625 0.8640625 0.06875 0.0828125
0 0.6671875 0.91015625 0.0515625 0.0640625
0 0.6359375 0.91640625 0.0546875 0.075