0 0.13203125 0.12109375 0.0828125 0.0515625
0 0.26484375 0.31328125 0.0859375 0.0640625
0 0.42421875 0.59921875 0.0953125 0.0484375
0 0.3234375 0.72265625 0.0921875 0.0484375
0 0.4625 0.7921875 0.1046875 0.065625
0 0.38359375 0.9375 0.1015625 0.0578125
0 0.13828125 0.6234375 0.0828125 0.0515625
0 0.17890625 0.50546875 0.071875 0.0421875
0 0.12578125 0.534375 0.0703125 0.03125
0 0.11875 0.50078125 0.059375 0.0359375
0 0.11484375 0.3671875 0.0703125 0.0484375
0 0.1203125 0.4328125 0.0796875 0.0390625