0 0.2703125 0.6984375 0.1171875 0.0953125
0 0.78125 0.96328125 0.096875 0.0734375
0 0.76796875 0.809375 0.078125 0.0625
0 0.8671875 0.81171875 0.06875 0.05625
0 0.8859375 0.76640625 0.0640625 0.05
0 0.7703125 0.58515625 0.0875 0.075
0 0.80390625 0.45234375 0.0921875 0.06875
0 0.89296875 0.371875 0.08125 0.071875
0 0.859375 0.52265625 0.084375 0.0671875
0 0.93515625 0.62890625 0.06875 0.0578125
0 0.87421875 0.703125 0.0671875 0.0546875
0 0.909375 0.71796875 0.059375 0.05
0 0.915625 0.68984375 0.0609375 0.0484375