0 0.19453125 0.9703125 0.0703125 0.059375
0 0.20234375 0.11796875 0.046875 0.071875
0 0.36171875 0.23046875 0.0359375 0.0734375
0 0.41171875 0.1171875 0.05 0.0890625
0 0.46484375 0.11328125 0.034375 0.0765625
0 0.52890625 0.16796875 0.0390625 0.0671875
0 0.528125 0.1203125 0.0296875 0.0546875
0 0.55625 0.128125 0.028125 0.0609375
0 0.63359375 0.13828125 0.034375 0.0546875
0 0.60390625 0.37109375 0.04375 0.08125
0 0.71796875 0.29453125 0.0421875 0.0796875
0 0.7671875 0.41328125 0.0484375 0.084375
0 0.89921875 0.35234375 0.0421875 0.0765625