0 0.503125 0.7140625 0.0328125 0.040625
0 0.7359375 0.8234375 0.0359375 0.0453125
0 0.7828125 0.6140625 0.034375 0.04375
0 0.52421875 0.55234375 0.03125 0.0390625
0 0.5 0.5078125 0.028125 0.03125
0 0.534375 0.52265625 0.028125 0.0359375
0 0.56953125 0.44140625 0.0234375 0.034375
0 0.32578125 0.43046875 0.021875 0.028125
0 0.27265625 0.74921875 0.0328125 0.040625
0 0.21328125 0.8296875 0.034375 0.0453125
0 0.43984375 0.34921875 0.0234375 0.0296875
0 0.2171875 0.48984375 0.0265625 0.0328125
0 0.203125 0.4453125 0.025 0.03125
0 0.24375 0.4140625 0.025 0.0296875
0 0.27421875 0.39296875 0.0234375 0.028125
0 0.3171875 0.3859375 0.0265625 0.034375
0 0.37578125 0.37734375 0.021875 0.03125
0 0.4109375 0.3671875 0.025 0.0296875
0 0.3796875 0.35234375 0.0234375 0.0296875
0 0.33515625 0.365625 0.0203125 0.025
0 0.203125 0.41875 0.021875 0.025