0 0.11015625 0.08359375 0.05 0.08125
0 0.96171875 0.321875 0.0765625 0.06875
0 0.80859375 0.4546875 0.084375 0.05625
0 0.91171875 0.5375 0.1046875 0.075
0 0.90078125 0.59296875 0.0859375 0.05625
0 0.82734375 0.64375 0.0765625 0.0578125
0 0.8765625 0.65546875 0.065625 0.0453125
0 0.86015625 0.68203125 0.0703125 0.0453125
0 0.828125 0.759375 0.0640625 0.05
0 0.59765625 0.6640625 0.096875 0.0671875
0 0.6453125 0.80234375 0.0953125 0.065625
0 0.509375 0.8203125 0.1015625 0.0734375
0 0.53515625 0.9703125 0.0890625 0.059375