0 0.76328125 0.32734375 0.13125 0.10625
0 0.2234375 0.034375 0.090625 0.06875
0 0.24140625 0.20078125 0.1046875 0.08125
0 0.240625 0.43359375 0.09375 0.071875
0 0.20625 0.56953125 0.1 0.08125
0 0.1125 0.65078125 0.0859375 0.075
0 0.14765625 0.49375 0.0796875 0.065625
0 0.07109375 0.38203125 0.0734375 0.065625
0 0.13828125 0.196875 0.0703125 0.0625
0 0.121875 0.24375 0.0640625 0.05625
0 0.12890625 0.30859375 0.06875 0.0609375
0 0.09609375 0.290625 0.059375 0.046875
0 0.08828125 0.31796875 0.059375 0.046875