0 0.01640625 0.47421875 0.0328125 0.1328125
0 0.6984375 0.0625 0.1046875 0.0859375
0 0.68203125 0.26171875 0.103125 0.090625
0 0.8125 0.24296875 0.0875 0.0765625
0 0.8328125 0.296875 0.084375 0.075
0 0.67890625 0.54453125 0.0921875 0.078125
0 0.72265625 0.71640625 0.1015625 0.0828125
0 0.8421875 0.8078125 0.1078125 0.0921875
0 0.796875 0.6140625 0.096875 0.0859375
0 0.89921875 0.46328125 0.096875 0.0828125
0 0.86953125 0.38671875 0.071875 0.0578125
0 0.86171875 0.35859375 0.0734375 0.0609375
0 0.82109375 0.37890625 0.0765625 0.065625