0 0.6328125 0.76484375 0.1015625 0.059375
0 0.16484375 0.9640625 0.0859375 0.040625
0 0.06640625 0.80546875 0.065625 0.040625
0 0.140625 0.66796875 0.065625 0.0421875
0 0.23046875 0.47109375 0.065625 0.034375
0 0.171875 0.38046875 0.059375 0.0359375
0 0.24765625 0.33984375 0.059375 0.0359375
0 0.20234375 0.2359375 0.065625 0.0390625
0 0.06484375 0.44375 0.065625 0.034375
0 0.09140625 0.53203125 0.05 0.0359375
0 0.0578125 0.63046875 0.0515625 0.028125
0 0.05703125 0.58359375 0.053125 0.028125
0 0.0609375 0.5078125 0.053125 0.0234375
0 0.05078125 0.53203125 0.053125 0.025