0 0.25625 0.7109375 0.053125 0.0875
0 0.0515625 0.17265625 0.0375 0.0703125
0 0.22421875 0.07890625 0.0359375 0.0578125
0 0.36953125 0.16953125 0.0375 0.0609375
0 0.40859375 0.07734375 0.03125 0.05
0 0.45546875 0.08046875 0.0328125 0.05
0 0.57421875 0.2703125 0.0328125 0.059375
0 0.6015625 0.09453125 0.03125 0.05625
0 0.67109375 0.21328125 0.0359375 0.0640625
0 0.71328125 0.29921875 0.0359375 0.0609375
0 0.8265625 0.2546875 0.0390625 0.0734375
0 0.5125 0.1203125 0.0296875 0.046875
0 0.53515625 0.0859375 0.0265625 0.0484375
0 0.51015625 0.08046875 0.028125 0.046875